1, 1, 2
2, 2, 3
3, 3, 4
4, 4, 5
5, 5, 6
6, 6, 7
7, 7, 8
8, 8, 9
9, 9, 10
10, 10, 11
11, 11, 12
12, 12, 13
13, 13, 14
14, 14, 15
15, 15, 16
16, 16, 17
17, 17, 18
18, 18, 19
19, 19, 20
20, 20, 21
21, 21, 22
22, 22, 23
23, 23, 24
24, 24, 25
25, 25, 26
26, 26, 27
27, 27, 28
28, 28, 29
29, 29, 30
30, 30, 31
31, 31, 32
32, 32, 33
33, 33, 34
34, 34, 35
35, 35, 36
36, 36, 37
37, 37, 38
38, 38, 39
39, 39, 40
40, 40, 41
41, 41, 42
42, 42, 43
43, 43, 44
44, 44, 45
45, 45, 46
46, 46, 47
47, 47, 48
48, 48, 49
49, 49, 50
50, 50, 51
51, 51, 52
52, 52, 53
53, 53, 54
54, 54, 55
55, 55, 56
56, 56, 57
57, 57, 58
58, 58, 59
59, 59, 60
60, 60, 61
61, 61, 62
62, 62, 63
63, 63, 64
64, 64, 65
65, 65, 66
66, 66, 67
67, 67, 68
68, 68, 69
69, 69, 70
70, 70, 71
71, 71, 72
72, 72, 73
73, 73, 74
74, 74, 75
75, 75, 76
76, 76, 77
77, 77, 78
78, 78, 79
79, 79, 80
80, 80, 81
81, 82, 83
82, 83, 84
83, 84, 85
84, 85, 86
85, 86, 87
86, 87, 88
87, 88, 89
88, 89, 90
89, 90, 91
90, 91, 92
91, 92, 93
92, 93, 94
93, 94, 95
94, 95, 96
95, 96, 97
96, 97, 98
97, 98, 99
98, 99, 100
99, 100, 101
100, 101, 102
101, 102, 103
102, 103, 104
103, 104, 105
104, 105, 106
105, 106, 107
106, 107, 108
107, 108, 109
108, 109, 110
109, 110, 111
110, 111, 112
111, 112, 113
112, 113, 114
113, 114, 115
114, 115, 116
115, 116, 117
116, 117, 118
117, 118, 119
118, 119, 120
119, 120, 121
120, 121, 122
121, 122, 123
122, 123, 124
123, 124, 125
124, 125, 126
125, 126, 127
126, 127, 128
127, 128, 129
128, 129, 130
129, 130, 131
130, 131, 132
131, 132, 133
132, 133, 134
133, 134, 135
134, 135, 136
135, 136, 137
136, 137, 138
137, 138, 139
138, 139, 140
139, 140, 141
140, 141, 142
141, 142, 143
142, 143, 144
143, 144, 145
144, 145, 146
145, 146, 147
146, 147, 148
147, 148, 149
148, 149, 150
149, 150, 151
150, 151, 152
151, 152, 153
152, 153, 154
153, 154, 155
154, 155, 156
155, 156, 157
156, 157, 158
157, 158, 159
158, 159, 160
159, 160, 161
160, 161, 162
161, 163, 164
162, 164, 165
163, 165, 166
164, 166, 167
165, 167, 168
166, 168, 169
167, 169, 170
168, 170, 171
169, 171, 172
170, 172, 173
171, 173, 174
172, 174, 175
173, 175, 176
174, 176, 177
175, 177, 178
176, 178, 179
177, 179, 180
178, 180, 181
179, 181, 182
180, 182, 183
181, 183, 184
182, 184, 185
183, 185, 186
184, 186, 187
185, 187, 188
186, 188, 189
187, 189, 190
188, 190, 191
189, 191, 192
190, 192, 193
191, 193, 194
192, 194, 195
193, 195, 196
194, 196, 197
195, 197, 198
196, 198, 199
197, 199, 200
198, 200, 201
199, 201, 202
200, 202, 203
201, 203, 204
202, 204, 205
203, 205, 206
204, 206, 207
205, 207, 208
206, 208, 209
207, 209, 210
208, 210, 211
209, 211, 212
210, 212, 213
211, 213, 214
212, 214, 215
213, 215, 216
214, 216, 217
215, 217, 218
216, 218, 219
217, 219, 220
218, 220, 221
219, 221, 222
220, 222, 223
221, 223, 224
222, 224, 225
223, 225, 226
224, 226, 227
225, 227, 228
226, 228, 229
227, 229, 230
228, 230, 231
229, 231, 232
230, 232, 233
231, 233, 234
232, 234, 235
233, 235, 236
234, 236, 237
235, 237, 238
236, 238, 239
237, 239, 240
238, 240, 241
239, 241, 242
240, 242, 243
241, 244, 245
242, 245, 246
243, 246, 247
244, 247, 248
245, 248, 249
246, 249, 250
247, 250, 251
248, 251, 252
249, 252, 253
250, 253, 254
251, 254, 255
252, 255, 256
253, 256, 257
254, 257, 258
255, 258, 259
256, 259, 260
257, 260, 261
258, 261, 262
259, 262, 263
260, 263, 264
261, 264, 265
262, 265, 266
263, 266, 267
264, 267, 268
265, 268, 269
266, 269, 270
267, 270, 271
268, 271, 272
269, 272, 273
270, 273, 274
271, 274, 275
272, 275, 276
273, 276, 277
274, 277, 278
275, 278, 279
276, 279, 280
277, 280, 281
278, 281, 282
279, 282, 283
280, 283, 284
281, 284, 285
282, 285, 286
283, 286, 287
284, 287, 288
285, 288, 289
286, 289, 290
287, 290, 291
288, 291, 292
289, 292, 293
290, 293, 294
291, 294, 295
292, 295, 296
293, 296, 297
294, 297, 298
295, 298, 299
296, 299, 300
297, 300, 301
298, 301, 302
299, 302, 303
300, 303, 304
301, 304, 305
302, 305, 306
303, 306, 307
304, 307, 308
305, 308, 309
306, 309, 310
307, 310, 311
308, 311, 312
309, 312, 313
310, 313, 314
311, 314, 315
312, 315, 316
313, 316, 317
314, 317, 318
315, 318, 319
316, 319, 320
317, 320, 321
318, 321, 322
319, 322, 323
320, 323, 324
321, 325, 326
322, 326, 327
323, 327, 328
324, 328, 329
325, 329, 330
326, 330, 331
327, 331, 332
328, 332, 333
329, 333, 334
330, 334, 335
331, 335, 336
332, 336, 337
333, 337, 338
334, 338, 339
335, 339, 340
336, 340, 341
337, 341, 342
338, 342, 343
339, 343, 344
340, 344, 345
341, 345, 346
342, 346, 347
343, 347, 348
344, 348, 349
345, 349, 350
346, 350, 351
347, 351, 352
348, 352, 353
349, 353, 354
350, 354, 355
351, 355, 356
352, 356, 357
353, 357, 358
354, 358, 359
355, 359, 360
356, 360, 361
357, 361, 362
358, 362, 363
359, 363, 364
360, 364, 365
361, 365, 366
362, 366, 367
363, 367, 368
364, 368, 369
365, 369, 370
366, 370, 371
367, 371, 372
368, 372, 373
369, 373, 374
370, 374, 375
371, 375, 376
372, 376, 377
373, 377, 378
374, 378, 379
375, 379, 380
376, 380, 381
377, 381, 382
378, 382, 383
379, 383, 384
380, 384, 385
381, 385, 386
382, 386, 387
383, 387, 388
384, 388, 389
385, 389, 390
386, 390, 391
387, 391, 392
388, 392, 393
389, 393, 394
390, 394, 395
391, 395, 396
392, 396, 397
393, 397, 398
394, 398, 399
395, 399, 400
396, 400, 401
397, 401, 402
398, 402, 403
399, 403, 404
400, 404, 405
401, 406, 407
402, 407, 408
403, 408, 409
404, 409, 410
405, 410, 411
406, 411, 412
407, 412, 413
408, 413, 414
409, 414, 415
410, 415, 416
411, 416, 417
412, 417, 418
413, 418, 419
414, 419, 420
415, 420, 421
416, 421, 422
417, 422, 423
418, 423, 424
419, 424, 425
420, 425, 426
421, 426, 427
422, 427, 428
423, 428, 429
424, 429, 430
425, 430, 431
426, 431, 432
427, 432, 433
428, 433, 434
429, 434, 435
430, 435, 436
431, 436, 437
432, 437, 438
433, 438, 439
434, 439, 440
435, 440, 441
436, 441, 442
437, 442, 443
438, 443, 444
439, 444, 445
440, 445, 446
441, 446, 447
442, 447, 448
443, 448, 449
444, 449, 450
445, 450, 451
446, 451, 452
447, 452, 453
448, 453, 454
449, 454, 455
450, 455, 456
451, 456, 457
452, 457, 458
453, 458, 459
454, 459, 460
455, 460, 461
456, 461, 462
457, 462, 463
458, 463, 464
459, 464, 465
460, 465, 466
461, 466, 467
462, 467, 468
463, 468, 469
464, 469, 470
465, 470, 471
466, 471, 472
467, 472, 473
468, 473, 474
469, 474, 475
470, 475, 476
471, 476, 477
472, 477, 478
473, 478, 479
474, 479, 480
475, 480, 481
476, 481, 482
477, 482, 483
478, 483, 484
479, 484, 485
480, 485, 486
481, 487, 488
482, 488, 489
483, 489, 490
484, 490, 491
485, 491, 492
486, 492, 493
487, 493, 494
488, 494, 495
489, 495, 496
490, 496, 497
491, 497, 498
492, 498, 499
493, 499, 500
494, 500, 501
495, 501, 502
496, 502, 503
497, 503, 504
498, 504, 505
499, 505, 506
500, 506, 507
501, 507, 508
502, 508, 509
503, 509, 510
504, 510, 511
505, 511, 512
506, 512, 513
507, 513, 514
508, 514, 515
509, 515, 516
510, 516, 517
511, 517, 518
512, 518, 519
513, 519, 520
514, 520, 521
515, 521, 522
516, 522, 523
517, 523, 524
518, 524, 525
519, 525, 526
520, 526, 527
521, 527, 528
522, 528, 529
523, 529, 530
524, 530, 531
525, 531, 532
526, 532, 533
527, 533, 534
528, 534, 535
529, 535, 536
530, 536, 537
531, 537, 538
532, 538, 539
533, 539, 540
534, 540, 541
535, 541, 542
536, 542, 543
537, 543, 544
538, 544, 545
539, 545, 546
540, 546, 547
541, 547, 548
542, 548, 549
543, 549, 550
544, 550, 551
545, 551, 552
546, 552, 553
547, 553, 554
548, 554, 555
549, 555, 556
550, 556, 557
551, 557, 558
552, 558, 559
553, 559, 560
554, 560, 561
555, 561, 562
556, 562, 563
557, 563, 564
558, 564, 565
559, 565, 566
560, 566, 567
561, 568, 569
562, 569, 570
563, 570, 571
564, 571, 572
565, 572, 573
566, 573, 574
567, 574, 575
568, 575, 576
569, 576, 577
570, 577, 578
571, 578, 579
572, 579, 580
573, 580, 581
574, 581, 582
575, 582, 583
576, 583, 584
577, 584, 585
578, 585, 586
579, 586, 587
580, 587, 588
581, 588, 589
582, 589, 590
583, 590, 591
584, 591, 592
585, 592, 593
586, 593, 594
587, 594, 595
588, 595, 596
589, 596, 597
590, 597, 598
591, 598, 599
592, 599, 600
593, 600, 601
594, 601, 602
595, 602, 603
596, 603, 604
597, 604, 605
598, 605, 606
599, 606, 607
600, 607, 608
601, 608, 609
602, 609, 610
603, 610, 611
604, 611, 612
605, 612, 613
606, 613, 614
607, 614, 615
608, 615, 616
609, 616, 617
610, 617, 618
611, 618, 619
612, 619, 620
613, 620, 621
614, 621, 622
615, 622, 623
616, 623, 624
617, 624, 625
618, 625, 626
619, 626, 627
620, 627, 628
621, 628, 629
622, 629, 630
623, 630, 631
624, 631, 632
625, 632, 633
626, 633, 634
627, 634, 635
628, 635, 636
629, 636, 637
630, 637, 638
631, 638, 639
632, 639, 640
633, 640, 641
634, 641, 642
635, 642, 643
636, 643, 644
637, 644, 645
638, 645, 646
639, 646, 647
640, 647, 648
641, 649, 650
642, 650, 651
643, 651, 652
644, 652, 653
645, 653, 654
646, 654, 655
647, 655, 656
648, 656, 657
649, 657, 658
650, 658, 659
651, 659, 660
652, 660, 661
653, 661, 662
654, 662, 663
655, 663, 664
656, 664, 665
657, 665, 666
658, 666, 667
659, 667, 668
660, 668, 669
661, 669, 670
662, 670, 671
663, 671, 672
664, 672, 673
665, 673, 674
666, 674, 675
667, 675, 676
668, 676, 677
669, 677, 678
670, 678, 679
671, 679, 680
672, 680, 681
673, 681, 682
674, 682, 683
675, 683, 684
676, 684, 685
677, 685, 686
678, 686, 687
679, 687, 688
680, 688, 689
681, 689, 690
682, 690, 691
683, 691, 692
684, 692, 693
685, 693, 694
686, 694, 695
687, 695, 696
688, 696, 697
689, 697, 698
690, 698, 699
691, 699, 700
692, 700, 701
693, 701, 702
694, 702, 703
695, 703, 704
696, 704, 705
697, 705, 706
698, 706, 707
699, 707, 708
700, 708, 709
701, 709, 710
702, 710, 711
703, 711, 712
704, 712, 713
705, 713, 714
706, 714, 715
707, 715, 716
708, 716, 717
709, 717, 718
710, 718, 719
711, 719, 720
712, 720, 721
713, 721, 722
714, 722, 723
715, 723, 724
716, 724, 725
717, 725, 726
718, 726, 727
719, 727, 728
720, 728, 729
721, 730, 731
722, 731, 732
723, 732, 733
724, 733, 734
725, 734, 735
726, 735, 736
727, 736, 737
728, 737, 738
729, 738, 739
730, 739, 740
731, 740, 741
732, 741, 742
733, 742, 743
734, 743, 744
735, 744, 745
736, 745, 746
737, 746, 747
738, 747, 748
739, 748, 749
740, 749, 750
741, 750, 751
742, 751, 752
743, 752, 753
744, 753, 754
745, 754, 755
746, 755, 756
747, 756, 757
748, 757, 758
749, 758, 759
750, 759, 760
751, 760, 761
752, 761, 762
753, 762, 763
754, 763, 764
755, 764, 765
756, 765, 766
757, 766, 767
758, 767, 768
759, 768, 769
760, 769, 770
761, 770, 771
762, 771, 772
763, 772, 773
764, 773, 774
765, 774, 775
766, 775, 776
767, 776, 777
768, 777, 778
769, 778, 779
770, 779, 780
771, 780, 781
772, 781, 782
773, 782, 783
774, 783, 784
775, 784, 785
776, 785, 786
777, 786, 787
778, 787, 788
779, 788, 789
780, 789, 790
781, 790, 791
782, 791, 792
783, 792, 793
784, 793, 794
785, 794, 795
786, 795, 796
787, 796, 797
788, 797, 798
789, 798, 799
790, 799, 800
791, 800, 801
792, 801, 802
793, 802, 803
794, 803, 804
795, 804, 805
796, 805, 806
797, 806, 807
798, 807, 808
799, 808, 809
800, 809, 810
801, 811, 812
802, 812, 813
803, 813, 814
804, 814, 815
805, 815, 816
806, 816, 817
807, 817, 818
808, 818, 819
809, 819, 820
810, 820, 821
811, 821, 822
812, 822, 823
813, 823, 824
814, 824, 825
815, 825, 826
816, 826, 827
817, 827, 828
818, 828, 829
819, 829, 830
820, 830, 831
821, 831, 832
822, 832, 833
823, 833, 834
824, 834, 835
825, 835, 836
826, 836, 837
827, 837, 838
828, 838, 839
829, 839, 840
830, 840, 841
831, 841, 842
832, 842, 843
833, 843, 844
834, 844, 845
835, 845, 846
836, 846, 847
837, 847, 848
838, 848, 849
839, 849, 850
840, 850, 851
841, 851, 852
842, 852, 853
843, 853, 854
844, 854, 855
845, 855, 856
846, 856, 857
847, 857, 858
848, 858, 859
849, 859, 860
850, 860, 861
851, 861, 862
852, 862, 863
853, 863, 864
854, 864, 865
855, 865, 866
856, 866, 867
857, 867, 868
858, 868, 869
859, 869, 870
860, 870, 871
861, 871, 872
862, 872, 873
863, 873, 874
864, 874, 875
865, 875, 876
866, 876, 877
867, 877, 878
868, 878, 879
869, 879, 880
870, 880, 881
871, 881, 882
872, 882, 883
873, 883, 884
874, 884, 885
875, 885, 886
876, 886, 887
877, 887, 888
878, 888, 889
879, 889, 890
880, 890, 891
881, 892, 893
882, 893, 894
883, 894, 895
884, 895, 896
885, 896, 897
886, 897, 898
887, 898, 899
888, 899, 900
889, 900, 901
890, 901, 902
891, 902, 903
892, 903, 904
893, 904, 905
894, 905, 906
895, 906, 907
896, 907, 908
897, 908, 909
898, 909, 910
899, 910, 911
900, 911, 912
901, 912, 913
902, 913, 914
903, 914, 915
904, 915, 916
905, 916, 917
906, 917, 918
907, 918, 919
908, 919, 920
909, 920, 921
910, 921, 922
911, 922, 923
912, 923, 924
913, 924, 925
914, 925, 926
915, 926, 927
916, 927, 928
917, 928, 929
918, 929, 930
919, 930, 931
920, 931, 932
921, 932, 933
922, 933, 934
923, 934, 935
924, 935, 936
925, 936, 937
926, 937, 938
927, 938, 939
928, 939, 940
929, 940, 941
930, 941, 942
931, 942, 943
932, 943, 944
933, 944, 945
934, 945, 946
935, 946, 947
936, 947, 948
937, 948, 949
938, 949, 950
939, 950, 951
940, 951, 952
941, 952, 953
942, 953, 954
943, 954, 955
944, 955, 956
945, 956, 957
946, 957, 958
947, 958, 959
948, 959, 960
949, 960, 961
950, 961, 962
951, 962, 963
952, 963, 964
953, 964, 965
954, 965, 966
955, 966, 967
956, 967, 968
957, 968, 969
958, 969, 970
959, 970, 971
960, 971, 972
961, 973, 974
962, 974, 975
963, 975, 976
964, 976, 977
965, 977, 978
966, 978, 979
967, 979, 980
968, 980, 981
969, 981, 982
970, 982, 983
971, 983, 984
972, 984, 985
973, 985, 986
974, 986, 987
975, 987, 988
976, 988, 989
977, 989, 990
978, 990, 991
979, 991, 992
980, 992, 993
981, 993, 994
982, 994, 995
983, 995, 996
984, 996, 997
985, 997, 998
986, 998, 999
987, 999, 1000
988, 1000, 1001
989, 1001, 1002
990, 1002, 1003
991, 1003, 1004
992, 1004, 1005
993, 1005, 1006
994, 1006, 1007
995, 1007, 1008
996, 1008, 1009
997, 1009, 1010
998, 1010, 1011
999, 1011, 1012
1000, 1012, 1013
1001, 1013, 1014
1002, 1014, 1015
1003, 1015, 1016
1004, 1016, 1017
1005, 1017, 1018
1006, 1018, 1019
1007, 1019, 1020
1008, 1020, 1021
1009, 1021, 1022
1010, 1022, 1023
1011, 1023, 1024
1012, 1024, 1025
1013, 1025, 1026
1014, 1026, 1027
1015, 1027, 1028
1016, 1028, 1029
1017, 1029, 1030
1018, 1030, 1031
1019, 1031, 1032
1020, 1032, 1033
1021, 1033, 1034
1022, 1034, 1035
1023, 1035, 1036
1024, 1036, 1037
1025, 1037, 1038
1026, 1038, 1039
1027, 1039, 1040
1028, 1040, 1041
1029, 1041, 1042
1030, 1042, 1043
1031, 1043, 1044
1032, 1044, 1045
1033, 1045, 1046
1034, 1046, 1047
1035, 1047, 1048
1036, 1048, 1049
1037, 1049, 1050
1038, 1050, 1051
1039, 1051, 1052
1040, 1052, 1053
1041, 1054, 1055
1042, 1055, 1056
1043, 1056, 1057
1044, 1057, 1058
1045, 1058, 1059
1046, 1059, 1060
1047, 1060, 1061
1048, 1061, 1062
1049, 1062, 1063
1050, 1063, 1064
1051, 1064, 1065
1052, 1065, 1066
1053, 1066, 1067
1054, 1067, 1068
1055, 1068, 1069
1056, 1069, 1070
1057, 1070, 1071
1058, 1071, 1072
1059, 1072, 1073
1060, 1073, 1074
1061, 1074, 1075
1062, 1075, 1076
1063, 1076, 1077
1064, 1077, 1078
1065, 1078, 1079
1066, 1079, 1080
1067, 1080, 1081
1068, 1081, 1082
1069, 1082, 1083
1070, 1083, 1084
1071, 1084, 1085
1072, 1085, 1086
1073, 1086, 1087
1074, 1087, 1088
1075, 1088, 1089
1076, 1089, 1090
1077, 1090, 1091
1078, 1091, 1092
1079, 1092, 1093
1080, 1093, 1094
1081, 1094, 1095
1082, 1095, 1096
1083, 1096, 1097
1084, 1097, 1098
1085, 1098, 1099
1086, 1099, 1100
1087, 1100, 1101
1088, 1101, 1102
1089, 1102, 1103
1090, 1103, 1104
1091, 1104, 1105
1092, 1105, 1106
1093, 1106, 1107
1094, 1107, 1108
1095, 1108, 1109
1096, 1109, 1110
1097, 1110, 1111
1098, 1111, 1112
1099, 1112, 1113
1100, 1113, 1114
1101, 1114, 1115
1102, 1115, 1116
1103, 1116, 1117
1104, 1117, 1118
1105, 1118, 1119
1106, 1119, 1120
1107, 1120, 1121
1108, 1121, 1122
1109, 1122, 1123
1110, 1123, 1124
1111, 1124, 1125
1112, 1125, 1126
1113, 1126, 1127
1114, 1127, 1128
1115, 1128, 1129
1116, 1129, 1130
1117, 1130, 1131
1118, 1131, 1132
1119, 1132, 1133
1120, 1133, 1134
1121, 1135, 1136
1122, 1136, 1137
1123, 1137, 1138
1124, 1138, 1139
1125, 1139, 1140
1126, 1140, 1141
1127, 1141, 1142
1128, 1142, 1143
1129, 1143, 1144
1130, 1144, 1145
1131, 1145, 1146
1132, 1146, 1147
1133, 1147, 1148
1134, 1148, 1149
1135, 1149, 1150
1136, 1150, 1151
1137, 1151, 1152
1138, 1152, 1153
1139, 1153, 1154
1140, 1154, 1155
1141, 1155, 1156
1142, 1156, 1157
1143, 1157, 1158
1144, 1158, 1159
1145, 1159, 1160
1146, 1160, 1161
1147, 1161, 1162
1148, 1162, 1163
1149, 1163, 1164
1150, 1164, 1165
1151, 1165, 1166
1152, 1166, 1167
1153, 1167, 1168
1154, 1168, 1169
1155, 1169, 1170
1156, 1170, 1171
1157, 1171, 1172
1158, 1172, 1173
1159, 1173, 1174
1160, 1174, 1175
1161, 1175, 1176
1162, 1176, 1177
1163, 1177, 1178
1164, 1178, 1179
1165, 1179, 1180
1166, 1180, 1181
1167, 1181, 1182
1168, 1182, 1183
1169, 1183, 1184
1170, 1184, 1185
1171, 1185, 1186
1172, 1186, 1187
1173, 1187, 1188
1174, 1188, 1189
1175, 1189, 1190
1176, 1190, 1191
1177, 1191, 1192
1178, 1192, 1193
1179, 1193, 1194
1180, 1194, 1195
1181, 1195, 1196
1182, 1196, 1197
1183, 1197, 1198
1184, 1198, 1199
1185, 1199, 1200
1186, 1200, 1201
1187, 1201, 1202
1188, 1202, 1203
1189, 1203, 1204
1190, 1204, 1205
1191, 1205, 1206
1192, 1206, 1207
1193, 1207, 1208
1194, 1208, 1209
1195, 1209, 1210
1196, 1210, 1211
1197, 1211, 1212
1198, 1212, 1213
1199, 1213, 1214
1200, 1214, 1215
1201, 1216, 1217
1202, 1217, 1218
1203, 1218, 1219
1204, 1219, 1220
1205, 1220, 1221
1206, 1221, 1222
1207, 1222, 1223
1208, 1223, 1224
1209, 1224, 1225
1210, 1225, 1226
1211, 1226, 1227
1212, 1227, 1228
1213, 1228, 1229
1214, 1229, 1230
1215, 1230, 1231
1216, 1231, 1232
1217, 1232, 1233
1218, 1233, 1234
1219, 1234, 1235
1220, 1235, 1236
1221, 1236, 1237
1222, 1237, 1238
1223, 1238, 1239
1224, 1239, 1240
1225, 1240, 1241
1226, 1241, 1242
1227, 1242, 1243
1228, 1243, 1244
1229, 1244, 1245
1230, 1245, 1246
1231, 1246, 1247
1232, 1247, 1248
1233, 1248, 1249
1234, 1249, 1250
1235, 1250, 1251
1236, 1251, 1252
1237, 1252, 1253
1238, 1253, 1254
1239, 1254, 1255
1240, 1255, 1256
1241, 1256, 1257
1242, 1257, 1258
1243, 1258, 1259
1244, 1259, 1260
1245, 1260, 1261
1246, 1261, 1262
1247, 1262, 1263
1248, 1263, 1264
1249, 1264, 1265
1250, 1265, 1266
1251, 1266, 1267
1252, 1267, 1268
1253, 1268, 1269
1254, 1269, 1270
1255, 1270, 1271
1256, 1271, 1272
1257, 1272, 1273
1258, 1273, 1274
1259, 1274, 1275
1260, 1275, 1276
1261, 1276, 1277
1262, 1277, 1278
1263, 1278, 1279
1264, 1279, 1280
1265, 1280, 1281
1266, 1281, 1282
1267, 1282, 1283
1268, 1283, 1284
1269, 1284, 1285
1270, 1285, 1286
1271, 1286, 1287
1272, 1287, 1288
1273, 1288, 1289
1274, 1289, 1290
1275, 1290, 1291
1276, 1291, 1292
1277, 1292, 1293
1278, 1293, 1294
1279, 1294, 1295
1280, 1295, 1296
1281, 1297, 1298
1282, 1298, 1299
1283, 1299, 1300
1284, 1300, 1301
1285, 1301, 1302
1286, 1302, 1303
1287, 1303, 1304
1288, 1304, 1305
1289, 1305, 1306
1290, 1306, 1307
1291, 1307, 1308
1292, 1308, 1309
1293, 1309, 1310
1294, 1310, 1311
1295, 1311, 1312
1296, 1312, 1313
1297, 1313, 1314
1298, 1314, 1315
1299, 1315, 1316
1300, 1316, 1317
1301, 1317, 1318
1302, 1318, 1319
1303, 1319, 1320
1304, 1320, 1321
1305, 1321, 1322
1306, 1322, 1323
1307, 1323, 1324
1308, 1324, 1325
1309, 1325, 1326
1310, 1326, 1327
1311, 1327, 1328
1312, 1328, 1329
1313, 1329, 1330
1314, 1330, 1331
1315, 1331, 1332
1316, 1332, 1333
1317, 1333, 1334
1318, 1334, 1335
1319, 1335, 1336
1320, 1336, 1337
1321, 1337, 1338
1322, 1338, 1339
1323, 1339, 1340
1324, 1340, 1341
1325, 1341, 1342
1326, 1342, 1343
1327, 1343, 1344
1328, 1344, 1345
1329, 1345, 1346
1330, 1346, 1347
1331, 1347, 1348
1332, 1348, 1349
1333, 1349, 1350
1334, 1350, 1351
1335, 1351, 1352
1336, 1352, 1353
1337, 1353, 1354
1338, 1354, 1355
1339, 1355, 1356
1340, 1356, 1357
1341, 1357, 1358
1342, 1358, 1359
1343, 1359, 1360
1344, 1360, 1361
1345, 1361, 1362
1346, 1362, 1363
1347, 1363, 1364
1348, 1364, 1365
1349, 1365, 1366
1350, 1366, 1367
1351, 1367, 1368
1352, 1368, 1369
1353, 1369, 1370
1354, 1370, 1371
1355, 1371, 1372
1356, 1372, 1373
1357, 1373, 1374
1358, 1374, 1375
1359, 1375, 1376
1360, 1376, 1377
1361, 1378, 1379
1362, 1379, 1380
1363, 1380, 1381
1364, 1381, 1382
1365, 1382, 1383
1366, 1383, 1384
1367, 1384, 1385
1368, 1385, 1386
1369, 1386, 1387
1370, 1387, 1388
1371, 1388, 1389
1372, 1389, 1390
1373, 1390, 1391
1374, 1391, 1392
1375, 1392, 1393
1376, 1393, 1394
1377, 1394, 1395
1378, 1395, 1396
1379, 1396, 1397
1380, 1397, 1398
1381, 1398, 1399
1382, 1399, 1400
1383, 1400, 1401
1384, 1401, 1402
1385, 1402, 1403
1386, 1403, 1404
1387, 1404, 1405
1388, 1405, 1406
1389, 1406, 1407
1390, 1407, 1408
1391, 1408, 1409
1392, 1409, 1410
1393, 1410, 1411
1394, 1411, 1412
1395, 1412, 1413
1396, 1413, 1414
1397, 1414, 1415
1398, 1415, 1416
1399, 1416, 1417
1400, 1417, 1418
1401, 1418, 1419
1402, 1419, 1420
1403, 1420, 1421
1404, 1421, 1422
1405, 1422, 1423
1406, 1423, 1424
1407, 1424, 1425
1408, 1425, 1426
1409, 1426, 1427
1410, 1427, 1428
1411, 1428, 1429
1412, 1429, 1430
1413, 1430, 1431
1414, 1431, 1432
1415, 1432, 1433
1416, 1433, 1434
1417, 1434, 1435
1418, 1435, 1436
1419, 1436, 1437
1420, 1437, 1438
1421, 1438, 1439
1422, 1439, 1440
1423, 1440, 1441
1424, 1441, 1442
1425, 1442, 1443
1426, 1443, 1444
1427, 1444, 1445
1428, 1445, 1446
1429, 1446, 1447
1430, 1447, 1448
1431, 1448, 1449
1432, 1449, 1450
1433, 1450, 1451
1434, 1451, 1452
1435, 1452, 1453
1436, 1453, 1454
1437, 1454, 1455
1438, 1455, 1456
1439, 1456, 1457
1440, 1457, 1458
1441, 1459, 1460
1442, 1460, 1461
1443, 1461, 1462
1444, 1462, 1463
1445, 1463, 1464
1446, 1464, 1465
1447, 1465, 1466
1448, 1466, 1467
1449, 1467, 1468
1450, 1468, 1469
1451, 1469, 1470
1452, 1470, 1471
1453, 1471, 1472
1454, 1472, 1473
1455, 1473, 1474
1456, 1474, 1475
1457, 1475, 1476
1458, 1476, 1477
1459, 1477, 1478
1460, 1478, 1479
1461, 1479, 1480
1462, 1480, 1481
1463, 1481, 1482
1464, 1482, 1483
1465, 1483, 1484
1466, 1484, 1485
1467, 1485, 1486
1468, 1486, 1487
1469, 1487, 1488
1470, 1488, 1489
1471, 1489, 1490
1472, 1490, 1491
1473, 1491, 1492
1474, 1492, 1493
1475, 1493, 1494
1476, 1494, 1495
1477, 1495, 1496
1478, 1496, 1497
1479, 1497, 1498
1480, 1498, 1499
1481, 1499, 1500
1482, 1500, 1501
1483, 1501, 1502
1484, 1502, 1503
1485, 1503, 1504
1486, 1504, 1505
1487, 1505, 1506
1488, 1506, 1507
1489, 1507, 1508
1490, 1508, 1509
1491, 1509, 1510
1492, 1510, 1511
1493, 1511, 1512
1494, 1512, 1513
1495, 1513, 1514
1496, 1514, 1515
1497, 1515, 1516
1498, 1516, 1517
1499, 1517, 1518
1500, 1518, 1519
1501, 1519, 1520
1502, 1520, 1521
1503, 1521, 1522
1504, 1522, 1523
1505, 1523, 1524
1506, 1524, 1525
1507, 1525, 1526
1508, 1526, 1527
1509, 1527, 1528
1510, 1528, 1529
1511, 1529, 1530
1512, 1530, 1531
1513, 1531, 1532
1514, 1532, 1533
1515, 1533, 1534
1516, 1534, 1535
1517, 1535, 1536
1518, 1536, 1537
1519, 1537, 1538
1520, 1538, 1539
1521, 1540, 1541
1522, 1541, 1542
1523, 1542, 1543
1524, 1543, 1544
1525, 1544, 1545
1526, 1545, 1546
1527, 1546, 1547
1528, 1547, 1548
1529, 1548, 1549
1530, 1549, 1550
1531, 1550, 1551
1532, 1551, 1552
1533, 1552, 1553
1534, 1553, 1554
1535, 1554, 1555
1536, 1555, 1556
1537, 1556, 1557
1538, 1557, 1558
1539, 1558, 1559
1540, 1559, 1560
1541, 1560, 1561
1542, 1561, 1562
1543, 1562, 1563
1544, 1563, 1564
1545, 1564, 1565
1546, 1565, 1566
1547, 1566, 1567
1548, 1567, 1568
1549, 1568, 1569
1550, 1569, 1570
1551, 1570, 1571
1552, 1571, 1572
1553, 1572, 1573
1554, 1573, 1574
1555, 1574, 1575
1556, 1575, 1576
1557, 1576, 1577
1558, 1577, 1578
1559, 1578, 1579
1560, 1579, 1580
1561, 1580, 1581
1562, 1581, 1582
1563, 1582, 1583
1564, 1583, 1584
1565, 1584, 1585
1566, 1585, 1586
1567, 1586, 1587
1568, 1587, 1588
1569, 1588, 1589
1570, 1589, 1590
1571, 1590, 1591
1572, 1591, 1592
1573, 1592, 1593
1574, 1593, 1594
1575, 1594, 1595
1576, 1595, 1596
1577, 1596, 1597
1578, 1597, 1598
1579, 1598, 1599
1580, 1599, 1600
1581, 1600, 1601
1582, 1601, 1602
1583, 1602, 1603
1584, 1603, 1604
1585, 1604, 1605
1586, 1605, 1606
1587, 1606, 1607
1588, 1607, 1608
1589, 1608, 1609
1590, 1609, 1610
1591, 1610, 1611
1592, 1611, 1612
1593, 1612, 1613
1594, 1613, 1614
1595, 1614, 1615
1596, 1615, 1616
1597, 1616, 1617
1598, 1617, 1618
1599, 1618, 1619
1600, 1619, 1620
1601, 1621, 1622
1602, 1622, 1623
1603, 1623, 1624
1604, 1624, 1625
1605, 1625, 1626
1606, 1626, 1627
1607, 1627, 1628
1608, 1628, 1629
1609, 1629, 1630
1610, 1630, 1631
1611, 1631, 1632
1612, 1632, 1633
1613, 1633, 1634
1614, 1634, 1635
1615, 1635, 1636
1616, 1636, 1637
1617, 1637, 1638
1618, 1638, 1639
1619, 1639, 1640
1620, 1640, 1641
1621, 1641, 1642
1622, 1642, 1643
1623, 1643, 1644
1624, 1644, 1645
1625, 1645, 1646
1626, 1646, 1647
1627, 1647, 1648
1628, 1648, 1649
1629, 1649, 1650
1630, 1650, 1651
1631, 1651, 1652
1632, 1652, 1653
1633, 1653, 1654
1634, 1654, 1655
1635, 1655, 1656
1636, 1656, 1657
1637, 1657, 1658
1638, 1658, 1659
1639, 1659, 1660
1640, 1660, 1661
1641, 1661, 1662
1642, 1662, 1663
1643, 1663, 1664
1644, 1664, 1665
1645, 1665, 1666
1646, 1666, 1667
1647, 1667, 1668
1648, 1668, 1669
1649, 1669, 1670
1650, 1670, 1671
1651, 1671, 1672
1652, 1672, 1673
1653, 1673, 1674
1654, 1674, 1675
1655, 1675, 1676
1656, 1676, 1677
1657, 1677, 1678
1658, 1678, 1679
1659, 1679, 1680
1660, 1680, 1681
1661, 1681, 1682
1662, 1682, 1683
1663, 1683, 1684
1664, 1684, 1685
1665, 1685, 1686
1666, 1686, 1687
1667, 1687, 1688
1668, 1688, 1689
1669, 1689, 1690
1670, 1690, 1691
1671, 1691, 1692
1672, 1692, 1693
1673, 1693, 1694
1674, 1694, 1695
1675, 1695, 1696
1676, 1696, 1697
1677, 1697, 1698
1678, 1698, 1699
1679, 1699, 1700
1680, 1700, 1701
1681, 1702, 1703
1682, 1703, 1704
1683, 1704, 1705
1684, 1705, 1706
1685, 1706, 1707
1686, 1707, 1708
1687, 1708, 1709
1688, 1709, 1710
1689, 1710, 1711
1690, 1711, 1712
1691, 1712, 1713
1692, 1713, 1714
1693, 1714, 1715
1694, 1715, 1716
1695, 1716, 1717
1696, 1717, 1718
1697, 1718, 1719
1698, 1719, 1720
1699, 1720, 1721
1700, 1721, 1722
1701, 1722, 1723
1702, 1723, 1724
1703, 1724, 1725
1704, 1725, 1726
1705, 1726, 1727
1706, 1727, 1728
1707, 1728, 1729
1708, 1729, 1730
1709, 1730, 1731
1710, 1731, 1732
1711, 1732, 1733
1712, 1733, 1734
1713, 1734, 1735
1714, 1735, 1736
1715, 1736, 1737
1716, 1737, 1738
1717, 1738, 1739
1718, 1739, 1740
1719, 1740, 1741
1720, 1741, 1742
1721, 1742, 1743
1722, 1743, 1744
1723, 1744, 1745
1724, 1745, 1746
1725, 1746, 1747
1726, 1747, 1748
1727, 1748, 1749
1728, 1749, 1750
1729, 1750, 1751
1730, 1751, 1752
1731, 1752, 1753
1732, 1753, 1754
1733, 1754, 1755
1734, 1755, 1756
1735, 1756, 1757
1736, 1757, 1758
1737, 1758, 1759
1738, 1759, 1760
1739, 1760, 1761
1740, 1761, 1762
1741, 1762, 1763
1742, 1763, 1764
1743, 1764, 1765
1744, 1765, 1766
1745, 1766, 1767
1746, 1767, 1768
1747, 1768, 1769
1748, 1769, 1770
1749, 1770, 1771
1750, 1771, 1772
1751, 1772, 1773
1752, 1773, 1774
1753, 1774, 1775
1754, 1775, 1776
1755, 1776, 1777
1756, 1777, 1778
1757, 1778, 1779
1758, 1779, 1780
1759, 1780, 1781
1760, 1781, 1782
1761, 1783, 1784
1762, 1784, 1785
1763, 1785, 1786
1764, 1786, 1787
1765, 1787, 1788
1766, 1788, 1789
1767, 1789, 1790
1768, 1790, 1791
1769, 1791, 1792
1770, 1792, 1793
1771, 1793, 1794
1772, 1794, 1795
1773, 1795, 1796
1774, 1796, 1797
1775, 1797, 1798
1776, 1798, 1799
1777, 1799, 1800
1778, 1800, 1801
1779, 1801, 1802
1780, 1802, 1803
1781, 1803, 1804
1782, 1804, 1805
1783, 1805, 1806
1784, 1806, 1807
1785, 1807, 1808
1786, 1808, 1809
1787, 1809, 1810
1788, 1810, 1811
1789, 1811, 1812
1790, 1812, 1813
1791, 1813, 1814
1792, 1814, 1815
1793, 1815, 1816
1794, 1816, 1817
1795, 1817, 1818
1796, 1818, 1819
1797, 1819, 1820
1798, 1820, 1821
1799, 1821, 1822
1800, 1822, 1823
1801, 1823, 1824
1802, 1824, 1825
1803, 1825, 1826
1804, 1826, 1827
1805, 1827, 1828
1806, 1828, 1829
1807, 1829, 1830
1808, 1830, 1831
1809, 1831, 1832
1810, 1832, 1833
1811, 1833, 1834
1812, 1834, 1835
1813, 1835, 1836
1814, 1836, 1837
1815, 1837, 1838
1816, 1838, 1839
1817, 1839, 1840
1818, 1840, 1841
1819, 1841, 1842
1820, 1842, 1843
1821, 1843, 1844
1822, 1844, 1845
1823, 1845, 1846
1824, 1846, 1847
1825, 1847, 1848
1826, 1848, 1849
1827, 1849, 1850
1828, 1850, 1851
1829, 1851, 1852
1830, 1852, 1853
1831, 1853, 1854
1832, 1854, 1855
1833, 1855, 1856
1834, 1856, 1857
1835, 1857, 1858
1836, 1858, 1859
1837, 1859, 1860
1838, 1860, 1861
1839, 1861, 1862
1840, 1862, 1863
1841, 1864, 1865
1842, 1865, 1866
1843, 1866, 1867
1844, 1867, 1868
1845, 1868, 1869
1846, 1869, 1870
1847, 1870, 1871
1848, 1871, 1872
1849, 1872, 1873
1850, 1873, 1874
1851, 1874, 1875
1852, 1875, 1876
1853, 1876, 1877
1854, 1877, 1878
1855, 1878, 1879
1856, 1879, 1880
1857, 1880, 1881
1858, 1881, 1882
1859, 1882, 1883
1860, 1883, 1884
1861, 1884, 1885
1862, 1885, 1886
1863, 1886, 1887
1864, 1887, 1888
1865, 1888, 1889
1866, 1889, 1890
1867, 1890, 1891
1868, 1891, 1892
1869, 1892, 1893
1870, 1893, 1894
1871, 1894, 1895
1872, 1895, 1896
1873, 1896, 1897
1874, 1897, 1898
1875, 1898, 1899
1876, 1899, 1900
1877, 1900, 1901
1878, 1901, 1902
1879, 1902, 1903
1880, 1903, 1904
1881, 1904, 1905
1882, 1905, 1906
1883, 1906, 1907
1884, 1907, 1908
1885, 1908, 1909
1886, 1909, 1910
1887, 1910, 1911
1888, 1911, 1912
1889, 1912, 1913
1890, 1913, 1914
1891, 1914, 1915
1892, 1915, 1916
1893, 1916, 1917
1894, 1917, 1918
1895, 1918, 1919
1896, 1919, 1920
1897, 1920, 1921
1898, 1921, 1922
1899, 1922, 1923
1900, 1923, 1924
1901, 1924, 1925
1902, 1925, 1926
1903, 1926, 1927
1904, 1927, 1928
1905, 1928, 1929
1906, 1929, 1930
1907, 1930, 1931
1908, 1931, 1932
1909, 1932, 1933
1910, 1933, 1934
1911, 1934, 1935
1912, 1935, 1936
1913, 1936, 1937
1914, 1937, 1938
1915, 1938, 1939
1916, 1939, 1940
1917, 1940, 1941
1918, 1941, 1942
1919, 1942, 1943
1920, 1943, 1944
1921, 1945, 1946
1922, 1946, 1947
1923, 1947, 1948
1924, 1948, 1949
1925, 1949, 1950
1926, 1950, 1951
1927, 1951, 1952
1928, 1952, 1953
1929, 1953, 1954
1930, 1954, 1955
1931, 1955, 1956
1932, 1956, 1957
1933, 1957, 1958
1934, 1958, 1959
1935, 1959, 1960
1936, 1960, 1961
1937, 1961, 1962
1938, 1962, 1963
1939, 1963, 1964
1940, 1964, 1965
1941, 1965, 1966
1942, 1966, 1967
1943, 1967, 1968
1944, 1968, 1969
1945, 1969, 1970
1946, 1970, 1971
1947, 1971, 1972
1948, 1972, 1973
1949, 1973, 1974
1950, 1974, 1975
1951, 1975, 1976
1952, 1976, 1977
1953, 1977, 1978
1954, 1978, 1979
1955, 1979, 1980
1956, 1980, 1981
1957, 1981, 1982
1958, 1982, 1983
1959, 1983, 1984
1960, 1984, 1985
1961, 1985, 1986
1962, 1986, 1987
1963, 1987, 1988
1964, 1988, 1989
1965, 1989, 1990
1966, 1990, 1991
1967, 1991, 1992
1968, 1992, 1993
1969, 1993, 1994
1970, 1994, 1995
1971, 1995, 1996
1972, 1996, 1997
1973, 1997, 1998
1974, 1998, 1999
1975, 1999, 2000
1976, 2000, 2001
1977, 2001, 2002
1978, 2002, 2003
1979, 2003, 2004
1980, 2004, 2005
1981, 2005, 2006
1982, 2006, 2007
1983, 2007, 2008
1984, 2008, 2009
1985, 2009, 2010
1986, 2010, 2011
1987, 2011, 2012
1988, 2012, 2013
1989, 2013, 2014
1990, 2014, 2015
1991, 2015, 2016
1992, 2016, 2017
1993, 2017, 2018
1994, 2018, 2019
1995, 2019, 2020
1996, 2020, 2021
1997, 2021, 2022
1998, 2022, 2023
1999, 2023, 2024
2000, 2024, 2025
2001, 2026, 2027
2002, 2027, 2028
2003, 2028, 2029
2004, 2029, 2030
2005, 2030, 2031
2006, 2031, 2032
2007, 2032, 2033
2008, 2033, 2034
2009, 2034, 2035
2010, 2035, 2036
2011, 2036, 2037
2012, 2037, 2038
2013, 2038, 2039
2014, 2039, 2040
2015, 2040, 2041
2016, 2041, 2042
2017, 2042, 2043
2018, 2043, 2044
2019, 2044, 2045
2020, 2045, 2046
2021, 2046, 2047
2022, 2047, 2048
2023, 2048, 2049
2024, 2049, 2050
2025, 2050, 2051
2026, 2051, 2052
2027, 2052, 2053
2028, 2053, 2054
2029, 2054, 2055
2030, 2055, 2056
2031, 2056, 2057
2032, 2057, 2058
2033, 2058, 2059
2034, 2059, 2060
2035, 2060, 2061
2036, 2061, 2062
2037, 2062, 2063
2038, 2063, 2064
2039, 2064, 2065
2040, 2065, 2066
2041, 2066, 2067
2042, 2067, 2068
2043, 2068, 2069
2044, 2069, 2070
2045, 2070, 2071
2046, 2071, 2072
2047, 2072, 2073
2048, 2073, 2074
2049, 2074, 2075
2050, 2075, 2076
2051, 2076, 2077
2052, 2077, 2078
2053, 2078, 2079
2054, 2079, 2080
2055, 2080, 2081
2056, 2081, 2082
2057, 2082, 2083
2058, 2083, 2084
2059, 2084, 2085
2060, 2085, 2086
2061, 2086, 2087
2062, 2087, 2088
2063, 2088, 2089
2064, 2089, 2090
2065, 2090, 2091
2066, 2091, 2092
2067, 2092, 2093
2068, 2093, 2094
2069, 2094, 2095
2070, 2095, 2096
2071, 2096, 2097
2072, 2097, 2098
2073, 2098, 2099
2074, 2099, 2100
2075, 2100, 2101
2076, 2101, 2102
2077, 2102, 2103
2078, 2103, 2104
2079, 2104, 2105
2080, 2105, 2106
2081, 2107, 2108
2082, 2108, 2109
2083, 2109, 2110
2084, 2110, 2111
2085, 2111, 2112
2086, 2112, 2113
2087, 2113, 2114
2088, 2114, 2115
2089, 2115, 2116
2090, 2116, 2117
2091, 2117, 2118
2092, 2118, 2119
2093, 2119, 2120
2094, 2120, 2121
2095, 2121, 2122
2096, 2122, 2123
2097, 2123, 2124
2098, 2124, 2125
2099, 2125, 2126
2100, 2126, 2127
2101, 2127, 2128
2102, 2128, 2129
2103, 2129, 2130
2104, 2130, 2131
2105, 2131, 2132
2106, 2132, 2133
2107, 2133, 2134
2108, 2134, 2135
2109, 2135, 2136
2110, 2136, 2137
2111, 2137, 2138
2112, 2138, 2139
2113, 2139, 2140
2114, 2140, 2141
2115, 2141, 2142
2116, 2142, 2143
2117, 2143, 2144
2118, 2144, 2145
2119, 2145, 2146
2120, 2146, 2147
2121, 2147, 2148
2122, 2148, 2149
2123, 2149, 2150
2124, 2150, 2151
2125, 2151, 2152
2126, 2152, 2153
2127, 2153, 2154
2128, 2154, 2155
2129, 2155, 2156
2130, 2156, 2157
2131, 2157, 2158
2132, 2158, 2159
2133, 2159, 2160
2134, 2160, 2161
2135, 2161, 2162
2136, 2162, 2163
2137, 2163, 2164
2138, 2164, 2165
2139, 2165, 2166
2140, 2166, 2167
2141, 2167, 2168
2142, 2168, 2169
2143, 2169, 2170
2144, 2170, 2171
2145, 2171, 2172
2146, 2172, 2173
2147, 2173, 2174
2148, 2174, 2175
2149, 2175, 2176
2150, 2176, 2177
2151, 2177, 2178
2152, 2178, 2179
2153, 2179, 2180
2154, 2180, 2181
2155, 2181, 2182
2156, 2182, 2183
2157, 2183, 2184
2158, 2184, 2185
2159, 2185, 2186
2160, 2186, 2187
2161, 2188, 2189
2162, 2189, 2190
2163, 2190, 2191
2164, 2191, 2192
2165, 2192, 2193
2166, 2193, 2194
2167, 2194, 2195
2168, 2195, 2196
2169, 2196, 2197
2170, 2197, 2198
2171, 2198, 2199
2172, 2199, 2200
2173, 2200, 2201
2174, 2201, 2202
2175, 2202, 2203
2176, 2203, 2204
2177, 2204, 2205
2178, 2205, 2206
2179, 2206, 2207
2180, 2207, 2208
2181, 2208, 2209
2182, 2209, 2210
2183, 2210, 2211
2184, 2211, 2212
2185, 2212, 2213
2186, 2213, 2214
2187, 2214, 2215
2188, 2215, 2216
2189, 2216, 2217
2190, 2217, 2218
2191, 2218, 2219
2192, 2219, 2220
2193, 2220, 2221
2194, 2221, 2222
2195, 2222, 2223
2196, 2223, 2224
2197, 2224, 2225
2198, 2225, 2226
2199, 2226, 2227
2200, 2227, 2228
2201, 2228, 2229
2202, 2229, 2230
2203, 2230, 2231
2204, 2231, 2232
2205, 2232, 2233
2206, 2233, 2234
2207, 2234, 2235
2208, 2235, 2236
2209, 2236, 2237
2210, 2237, 2238
2211, 2238, 2239
2212, 2239, 2240
2213, 2240, 2241
2214, 2241, 2242
2215, 2242, 2243
2216, 2243, 2244
2217, 2244, 2245
2218, 2245, 2246
2219, 2246, 2247
2220, 2247, 2248
2221, 2248, 2249
2222, 2249, 2250
2223, 2250, 2251
2224, 2251, 2252
2225, 2252, 2253
2226, 2253, 2254
2227, 2254, 2255
2228, 2255, 2256
2229, 2256, 2257
2230, 2257, 2258
2231, 2258, 2259
2232, 2259, 2260
2233, 2260, 2261
2234, 2261, 2262
2235, 2262, 2263
2236, 2263, 2264
2237, 2264, 2265
2238, 2265, 2266
2239, 2266, 2267
2240, 2267, 2268
2241, 2269, 2270
2242, 2270, 2271
2243, 2271, 2272
2244, 2272, 2273
2245, 2273, 2274
2246, 2274, 2275
2247, 2275, 2276
2248, 2276, 2277
2249, 2277, 2278
2250, 2278, 2279
2251, 2279, 2280
2252, 2280, 2281
2253, 2281, 2282
2254, 2282, 2283
2255, 2283, 2284
2256, 2284, 2285
2257, 2285, 2286
2258, 2286, 2287
2259, 2287, 2288
2260, 2288, 2289
2261, 2289, 2290
2262, 2290, 2291
2263, 2291, 2292
2264, 2292, 2293
2265, 2293, 2294
2266, 2294, 2295
2267, 2295, 2296
2268, 2296, 2297
2269, 2297, 2298
2270, 2298, 2299
2271, 2299, 2300
2272, 2300, 2301
2273, 2301, 2302
2274, 2302, 2303
2275, 2303, 2304
2276, 2304, 2305
2277, 2305, 2306
2278, 2306, 2307
2279, 2307, 2308
2280, 2308, 2309
2281, 2309, 2310
2282, 2310, 2311
2283, 2311, 2312
2284, 2312, 2313
2285, 2313, 2314
2286, 2314, 2315
2287, 2315, 2316
2288, 2316, 2317
2289, 2317, 2318
2290, 2318, 2319
2291, 2319, 2320
2292, 2320, 2321
2293, 2321, 2322
2294, 2322, 2323
2295, 2323, 2324
2296, 2324, 2325
2297, 2325, 2326
2298, 2326, 2327
2299, 2327, 2328
2300, 2328, 2329
2301, 2329, 2330
2302, 2330, 2331
2303, 2331, 2332
2304, 2332, 2333
2305, 2333, 2334
2306, 2334, 2335
2307, 2335, 2336
2308, 2336, 2337
2309, 2337, 2338
2310, 2338, 2339
2311, 2339, 2340
2312, 2340, 2341
2313, 2341, 2342
2314, 2342, 2343
2315, 2343, 2344
2316, 2344, 2345
2317, 2345, 2346
2318, 2346, 2347
2319, 2347, 2348
2320, 2348, 2349
2321, 2350, 2351
2322, 2351, 2352
2323, 2352, 2353
2324, 2353, 2354
2325, 2354, 2355
2326, 2355, 2356
2327, 2356, 2357
2328, 2357, 2358
2329, 2358, 2359
2330, 2359, 2360
2331, 2360, 2361
2332, 2361, 2362
2333, 2362, 2363
2334, 2363, 2364
2335, 2364, 2365
2336, 2365, 2366
2337, 2366, 2367
2338, 2367, 2368
2339, 2368, 2369
2340, 2369, 2370
2341, 2370, 2371
2342, 2371, 2372
2343, 2372, 2373
2344, 2373, 2374
2345, 2374, 2375
2346, 2375, 2376
2347, 2376, 2377
2348, 2377, 2378
2349, 2378, 2379
2350, 2379, 2380
2351, 2380, 2381
2352, 2381, 2382
2353, 2382, 2383
2354, 2383, 2384
2355, 2384, 2385
2356, 2385, 2386
2357, 2386, 2387
2358, 2387, 2388
2359, 2388, 2389
2360, 2389, 2390
2361, 2390, 2391
2362, 2391, 2392
2363, 2392, 2393
2364, 2393, 2394
2365, 2394, 2395
2366, 2395, 2396
2367, 2396, 2397
2368, 2397, 2398
2369, 2398, 2399
2370, 2399, 2400
2371, 2400, 2401
2372, 2401, 2402
2373, 2402, 2403
2374, 2403, 2404
2375, 2404, 2405
2376, 2405, 2406
2377, 2406, 2407
2378, 2407, 2408
2379, 2408, 2409
2380, 2409, 2410
2381, 2410, 2411
2382, 2411, 2412
2383, 2412, 2413
2384, 2413, 2414
2385, 2414, 2415
2386, 2415, 2416
2387, 2416, 2417
2388, 2417, 2418
2389, 2418, 2419
2390, 2419, 2420
2391, 2420, 2421
2392, 2421, 2422
2393, 2422, 2423
2394, 2423, 2424
2395, 2424, 2425
2396, 2425, 2426
2397, 2426, 2427
2398, 2427, 2428
2399, 2428, 2429
2400, 2429, 2430
