1, 805.078, 276.864, 651.357
2, 805.24, 277.936, 654.946
3, 804.787, 277.242, 658.604
4, 802.691, 276.789, 661.68
5, 799.581, 278.771, 662.359
6, 797.294, 279.228, 665.296
7, 795.981, 278.614, 668.754
8, 794.61, 279.103, 672.21
9, 793.38, 278.528, 675.705
10, 794.785, 278.027, 679.146
11, 798.254, 277.735, 680.542
12, 799.351, 276.724, 683.982
13, 799.512, 273.247, 685.378
14, 801.689, 271.24, 687.678
15, 801.857, 267.609, 688.603
16, 802.073, 263.9, 689.111
17, 799.602, 261.093, 689.38
18, 799.767, 258.249, 686.941
19, 798.66, 256.991, 683.587
20, 798.773, 258.154, 680.023
21, 798.154, 258.913, 676.404
22, 794.931, 259.261, 674.519
23, 792.639, 262.077, 675.46
24, 792.981, 265.601, 674.225
25, 793.133, 267.243, 670.858
26, 793.762, 266.478, 667.241
27, 792.967, 268.137, 663.973
28, 793.861, 271.63, 662.943
29, 795.438, 272.576, 659.675
30, 797.513, 275.525, 658.646
31, 799.587, 275.96, 655.552
32, 799.218, 275.402, 651.862
33, 799.485, 276.033, 648.175
34, 798.679, 279.006, 646.037
35, 798.841, 279.672, 642.35
36, 797.345, 278.189, 639.247
37, 795.02, 276.152, 637.123
38, 792.085, 274.191, 635.859
39, 791.025, 272.133, 632.909
40, 791.052, 272.562, 629.183
41, 789.325, 271.021, 626.233
42, 788.668, 270.707, 622.554
43, 790.622, 270.027, 619.427
44, 791.849, 267.527, 616.916
45, 791.781, 267.323, 613.172
46, 792.083, 265.808, 609.755
47, 790.155, 262.885, 608.413
48, 790.871, 259.299, 607.582
49, 793.974, 257.204, 607.795
50, 795.614, 254.921, 605.313
51, 795.817, 254.77, 601.571
52, 798.432, 253.739, 599.089
53, 800.511, 252.139, 596.409
54, 803.676, 252.391, 594.414
55, 806.474, 250.031, 595.228
56, 808.497, 250.192, 598.382
57, 809.686, 251.571, 601.66
58, 811.129, 252.903, 604.854
59, 811.091, 252.054, 608.507
60, 809.074, 249.728, 610.647
61, 809.119, 249.045, 614.334
62, 809.674, 250.106, 617.888
63, 809.618, 251.173, 621.483
64, 809.156, 249.467, 624.789
65, 809.733, 249.802, 628.48
66, 812.404, 251.314, 630.634
67, 815.053, 253.893, 630.006
68, 817.667, 256.551, 629.601
69, 817.656, 260.181, 630.544
70, 816.514, 261.72, 633.767
71, 815.711, 265.26, 634.71
72, 812.594, 267.248, 635.339
73, 810.457, 266.788, 638.386
74, 810.722, 267.176, 642.106
75, 810.404, 264.916, 645.081
76, 810.778, 265.2, 648.802
77, 812.747, 265.226, 651.993
78, 813.937, 264.899, 655.534
79, 817.08, 263.688, 657.184
80, 819.828, 261.293, 658.064
81, 823.221, 260.722, 659.555
82, 689.596, 79.0735, 56.3066
83, 690.645, 79.3333, 59.8975
84, 688.894, 79.1875, 63.2104
85, 688.339, 79.6527, 66.8898
86, 687.392, 82.6075, 68.9958
87, 687.289, 84.9365, 71.9331
88, 687.584, 85.531, 75.6239
89, 688.603, 86.1054, 79.1867
90, 688.848, 86.9662, 82.8283
91, 688.92, 88.1429, 86.3882
92, 690.015, 89.1226, 89.8383
93, 693.486, 89.1742, 91.2578
94, 696.042, 90.2719, 93.7725
95, 697.528, 90.3145, 97.2151
96, 699.111, 88.8365, 100.277
97, 702.226, 86.8542, 100.931
98, 704.328, 84.5966, 98.7989
99, 704.313, 83.903, 95.1136
100, 704.969, 85.8963, 92.0058
101, 706.166, 87.5875, 88.8799
102, 706.858, 91.1928, 88.1146
103, 709.58, 93.06, 86.3362
104, 713.121, 92.42, 87.3937
105, 715.843, 94.2872, 85.6152
106, 719.511, 93.6242, 85.1992
107, 720.865, 91.6951, 82.2824
108, 722.638, 91.3744, 78.994
109, 724.244, 89.0873, 76.4929
110, 727.014, 88.5864, 74.0161
111, 730.665, 89.4164, 74.2355
112, 733.614, 89.123, 71.9378
113, 737.309, 89.575, 72.3886
114, 739.425, 88.1539, 75.1392
115, 739.401, 88.2739, 78.8872
116, 738.022, 89.7157, 82.0623
117, 738.333, 88.9633, 85.7228
118, 737.143, 86.0431, 87.7522
119, 734.321, 84.8371, 89.907
120, 734.07, 84.22, 93.5973
121, 733.431, 83.8875, 97.2775
122, 730.351, 83.529, 99.387
123, 727.644, 85.6475, 100.886
124, 723.926, 85.2146, 100.657
125, 720.914, 86.6879, 102.335
126, 719.711, 86.6326, 105.887
127, 717.907, 88.2606, 108.743
128, 717.615, 88.2471, 112.481
129, 718.097, 88.7706, 116.163
130, 716.026, 88.5441, 119.281
131, 713.22, 90.7727, 120.385
132, 710.174, 92.1052, 118.649
133, 709.109, 91.6948, 115.077
134, 707.824, 91.0971, 111.605
135, 707.538, 90.8957, 107.871
136, 706.415, 89.5617, 104.551
137, 707.506, 89.6614, 100.965
138, 709.631, 92.1868, 99.1856
139, 710.262, 95.7292, 100.242
140, 712.959, 97.6326, 98.4629
141, 716.529, 98.0816, 99.5194
142, 719.309, 96.3016, 97.7401
143, 722.893, 96.7228, 96.7199
144, 726.17, 96.5274, 98.5324
145, 729.77, 97.2073, 99.3304
146, 732.867, 95.1185, 99.6571
147, 733.397, 92.4693, 102.258
148, 731.65, 89.1519, 102.207
149, 732.74, 85.5649, 102.12
150, 735.063, 84.3088, 99.4581
151, 736.421, 80.8178, 99.2816
152, 738.421, 78.0069, 97.8109
153, 741.008, 75.6696, 99.1914
154, 741.246, 72.2282, 97.7207
155, 741.281, 70.8106, 94.2492
156, 740.248, 71.8047, 90.7839
157, 738.841, 73.3932, 87.6922
158, 739.109, 72.7837, 84.0018
159, 739.794, 74.7921, 80.91
160, 740.754, 77.8546, 78.9703
161, 739.06, 81.139, 79.6057
162, 738.724, 84.2528, 77.5431
163, 387.585, 89.8465, 633.168
164, 388.269, 92.5471, 635.678
165, 387.267, 96.0994, 636.342
166, 387.403, 99.1872, 634.218
167, 388.006, 102.828, 634.882
168, 385.925, 105.768, 635.927
169, 384.86, 107.697, 638.962
170, 384.922, 107.133, 642.669
171, 384.329, 109.254, 645.703
172, 382.245, 112.312, 646.31
173, 379.886, 114.258, 644.14
174, 379.241, 114.2, 640.446
175, 381.266, 114.884, 637.365
176, 383.971, 113.563, 635.128
177, 384.535, 113.608, 631.421
178, 382.702, 113.206, 628.174
179, 383.6, 113.514, 624.546
180, 381.91, 114.33, 621.3
181, 378.686, 113.227, 619.736
182, 374.944, 113.44, 619.602
183, 373.097, 115.488, 622.142
184, 370.587, 116.728, 624.638
185, 369.392, 120.193, 625.428
186, 368.282, 121.982, 628.531
187, 368.92, 121.733, 632.218
188, 368.355, 121.772, 635.924
189, 367.725, 121.465, 639.608
190, 364.658, 121.097, 641.735
191, 362.166, 122.885, 643.892
192, 360.95, 123.211, 647.425
193, 359.888, 125.028, 650.529
194, 359.283, 125.355, 654.215
195, 358.389, 128.304, 656.352
196, 356.51, 131.484, 655.704
197, 354.301, 134.513, 655.795
198, 351.285, 136.726, 655.53
199, 348.441, 136.815, 657.972
200, 345.701, 134.269, 657.707
201, 342.856, 134.358, 660.149
202, 340.668, 136.663, 662.139
203, 336.967, 136.779, 661.546
204, 335.441, 138.385, 658.521
205, 332.438, 138.479, 656.278
206, 329.674, 139.01, 653.799
207, 325.931, 139.076, 654.016
208, 323.341, 139.388, 656.709
209, 322.754, 140.127, 660.338
210, 323.451, 138.379, 663.582
211, 322.053, 135.076, 664.674
212, 321.658, 132.128, 666.958
213, 319.436, 129.332, 668.102
214, 319.838, 125.648, 668.678
215, 317.509, 122.716, 668.87
216, 315.485, 119.572, 668.572
217, 312.449, 117.818, 669.901
218, 311.032, 117.172, 673.312
219, 312.244, 116.726, 676.833
220, 315.162, 117.811, 678.923
221, 315.624, 118.393, 682.599
222, 315.849, 116.349, 685.735
223, 317.451, 115.052, 688.867
224, 320.078, 114.727, 691.524
225, 322.4, 111.783, 691.551
226, 325.065, 111.454, 688.934
227, 328.034, 113.745, 688.961
228, 330.672, 113.956, 691.618
229, 333.194, 113.827, 694.39
230, 336.928, 113.544, 694.585
231, 339.725, 113.418, 692.09
232, 341.424, 113.706, 688.76
233, 343.055, 112.755, 685.52
234, 346.561, 113.66, 684.544
235, 349.582, 115.536, 683.353
236, 351.686, 118.551, 682.615
237, 352.159, 122.118, 681.558
238, 352.487, 123.903, 678.276
239, 350.502, 126.813, 676.99
240, 347.406, 127.416, 674.961
241, 344.49, 125.473, 673.626
242, 343.141, 122.509, 671.766
243, 341.733, 121.974, 668.332
244, 100.223, 870.296, 259.041
245, 99.9096, 873.601, 257.297
246, 98.386, 875.198, 254.265
247, 94.7638, 875.959, 253.662
248, 91.7714, 875.342, 255.836
249, 91.2323, 875.692, 259.531
250, 91.7423, 875.797, 263.244
251, 93.8351, 875.358, 266.325
252, 95.3509, 876.336, 269.613
253, 96.5034, 879.74, 270.681
254, 97.3556, 883.08, 272.158
255, 96.8857, 886.77, 271.68
256, 95.068, 888.193, 268.724
257, 92.5984, 887.913, 265.916
258, 92.7412, 888.064, 262.172
259, 95.1534, 889.448, 259.656
260, 98.8866, 889.227, 259.38
261, 101.734, 886.877, 260.039
262, 103.258, 885.345, 263.104
263, 103.363, 884.57, 266.772
264, 101.479, 882.064, 268.829
265, 98.2664, 880.144, 268.595
266, 96.0561, 878.384, 271.061
267, 92.335, 878.787, 270.827
268, 90.1243, 880.545, 273.293
269, 86.7053, 882.068, 273.059
270, 83.6601, 884.253, 272.942
271, 80.3223, 885.956, 273.09
272, 76.8273, 884.843, 272.31
273, 75.872, 883.019, 269.176
274, 76.7378, 880.196, 266.865
275, 76.5711, 879.751, 263.145
276, 74.9051, 878.983, 259.874
277, 73.9964, 876.562, 257.159
278, 71.5919, 875.454, 254.503
279, 71.0104, 873.904, 251.139
280, 71.4245, 874.095, 247.416
281, 70.7708, 872.353, 244.161
282, 72.2473, 869.056, 243.155
283, 73.1429, 867.095, 240.086
284, 73.7068, 864.677, 237.276
285, 74.4401, 861.008, 237.024
286, 75.5988, 858.812, 234.213
287, 75.3971, 858.876, 230.469
288, 77.8366, 858.702, 227.626
289, 77.8443, 858.693, 223.877
290, 77.742, 857.005, 220.529
291, 78.9053, 855.574, 217.264
292, 78.7965, 855.586, 213.516
293, 78.5917, 855.442, 209.774
294, 78.6555, 855.795, 206.041
295, 76.7147, 854.433, 203.136
296, 77.0275, 854.607, 199.403
297, 79.4047, 856.233, 197.001
298, 81.1358, 859.308, 195.733
299, 82.566, 862.774, 195.693
300, 85.3699, 865.111, 194.832
301, 85.7223, 868.767, 194.077
302, 88.5997, 871.165, 194.264
303, 91.3353, 871.733, 191.763
304, 94.9791, 872.33, 191.109
305, 97.037, 875.163, 192.452
306, 98.2371, 878.619, 193.277
307, 97.3571, 880.46, 196.423
308, 93.9096, 881.699, 197.224
309, 91.7029, 880.964, 200.165
310, 87.9953, 880.634, 200.621
311, 85.9413, 879.542, 203.562
312, 84.8334, 879.875, 207.129
313, 81.5579, 880.481, 208.852
314, 80.4024, 880.534, 212.419
315, 81.7985, 879.588, 215.768
316, 81.3228, 879.734, 219.485
317, 80.3177, 879.208, 223.059
318, 78.2555, 879.15, 226.191
319, 78.9159, 879.474, 229.868
320, 79.1046, 879.644, 233.609
321, 79.199, 880.879, 237.149
322, 80.2846, 881.821, 240.612
323, 80.504, 881.877, 244.356
324, 80.3399, 881.604, 248.092
325, 405.316, 529.13, 292.215
326, 403.403, 529.877, 295.352
327, 401.73, 531.244, 298.417
328, 401.918, 531.084, 302.159
329, 403.531, 531.202, 305.542
330, 406.556, 533.019, 306.81
331, 408.144, 533.327, 310.193
332, 411.151, 532.094, 312.064
333, 411.54, 531.178, 315.679
334, 412.212, 532.886, 318.949
335, 414.427, 533.864, 321.813
336, 415.523, 536.646, 324.076
337, 418.923, 538.147, 323.581
338, 420.019, 540.93, 325.844
339, 419.587, 541.937, 329.43
340, 421.001, 540.916, 332.75
341, 423.647, 541.008, 335.405
342, 425.297, 542.756, 338.284
343, 425.511, 545.893, 340.328
344, 425.027, 546.526, 343.992
345, 422.269, 546.911, 346.503
346, 418.715, 548.097, 346.33
347, 417.567, 550.364, 343.573
348, 417.49, 554.051, 342.893
349, 419.623, 556.3, 345.002
350, 419.544, 560.049, 345.022
351, 421.394, 563.188, 345.91
352, 423.316, 563.697, 349.089
353, 426.504, 565.474, 349.95
354, 427.738, 568.987, 350.403
355, 428.176, 572.489, 349.136
356, 428.491, 574.076, 345.753
357, 428.284, 573.936, 342.011
358, 427.669, 572.107, 338.796
359, 426.629, 568.625, 337.867
360, 428.39, 565.324, 337.621
361, 430.7, 564.403, 334.814
362, 434.4, 563.842, 334.568
363, 436.985, 562.635, 337.002
364, 437.293, 562.569, 340.739
365, 438.613, 563.411, 344.146
366, 438.329, 562.158, 347.67
367, 437.712, 563.596, 351.078
368, 437.296, 562.382, 354.601
369, 437.988, 560.949, 357.996
370, 441.067, 559.244, 359.291
371, 444.81, 559.043, 359.384
372, 447.608, 560.323, 357.241
373, 449.344, 561.542, 354.148
374, 449.999, 565.166, 353.442
375, 452.711, 567.07, 355.199
376, 453.349, 570.604, 354.117
377, 451.475, 573.336, 355.874
378, 448.489, 574.017, 358.038
379, 448.137, 574.571, 361.73
380, 447.958, 573.543, 365.332
381, 448.164, 573.777, 369.069
382, 448.123, 574.517, 372.745
383, 449.649, 573.137, 375.88
384, 449.624, 573.595, 379.602
385, 448.085, 574.986, 382.725
386, 448.343, 574.818, 386.463
387, 447.831, 577.171, 389.337
388, 448.173, 577.71, 393.032
389, 448.629, 575.614, 396.108
390, 447.299, 573.518, 398.919
391, 447.824, 569.814, 399.171
392, 448.238, 567.007, 396.719
393, 448.065, 566.771, 392.981
394, 446.995, 565.89, 389.496
395, 444.656, 565.095, 386.675
396, 443.028, 561.834, 385.79
397, 441.165, 561.201, 382.598
398, 437.577, 560.561, 381.712
399, 434.395, 560.117, 383.646
400, 433.518, 560.411, 387.28
401, 433.958, 559.541, 390.901
402, 437.029, 558.512, 392.79
403, 437.994, 558.652, 396.411
404, 440.458, 560.75, 398.306
405, 441.714, 560.656, 401.838
406, 902.28, 793.359, 218.116
407, 905.799, 794.637, 217.91
408, 907.329, 797.865, 216.768
409, 908.961, 798.458, 213.444
410, 909.842, 799.822, 210.064
411, 909.857, 799.186, 206.369
412, 908.623, 800.375, 203.033
413, 908.28, 800.371, 199.299
414, 906.815, 798.883, 196.184
415, 904.27, 798.85, 193.43
416, 901.908, 800.095, 190.797
417, 901.654, 800.253, 187.059
418, 900.826, 801.735, 183.715
419, 898.193, 802.496, 181.156
420, 895.443, 804.449, 179.516
421, 893.684, 806.269, 176.748
422, 890.35, 807.745, 175.873
423, 888.786, 808.953, 172.686
424, 885.167, 808.507, 171.81
425, 882.922, 805.897, 173.297
426, 880.023, 804.066, 174.816
427, 879.269, 800.807, 176.511
428, 880.493, 798.822, 179.448
429, 880.585, 799.218, 183.176
430, 880.748, 798.14, 186.763
431, 880.631, 797.431, 190.444
432, 878.28, 795.412, 192.556
433, 877.982, 791.736, 191.877
434, 879.27, 788.338, 190.95
435, 880.687, 786.894, 187.792
436, 884.308, 786.371, 186.97
437, 887.726, 784.862, 187.295
438, 889.128, 782.882, 190.154
439, 888.52, 779.196, 190.48
440, 886.554, 777.772, 193.338
441, 884.847, 776.395, 196.38
442, 881.273, 775.447, 197.001
443, 878.613, 776.972, 194.841
444, 875.115, 776.044, 193.862
445, 871.866, 777.907, 194.059
446, 870.529, 781.143, 192.714
447, 871.696, 783.997, 190.58
448, 871.1, 785.438, 187.17
449, 871.116, 784.148, 183.649
450, 872.03, 785.095, 180.137
451, 871.238, 783.78, 176.715
452, 868.71, 781.363, 175.362
453, 868.607, 777.64, 175.806
454, 867.498, 774.88, 178.09
455, 867.505, 774.371, 181.805
456, 866.436, 771.949, 184.461
457, 863.844, 770.928, 186.971
458, 863.128, 770.684, 190.644
459, 865.059, 770.829, 193.855
460, 864.998, 770.76, 197.604
461, 864.863, 772.883, 200.692
462, 867.282, 775.662, 201.39
463, 867.043, 779.405, 201.399
464, 868.789, 781.411, 204.042
465, 871.484, 781.612, 206.642
466, 875.165, 780.9, 206.591
467, 876.69, 778.67, 209.191
468, 878.405, 778.254, 212.5
469, 880.285, 775.205, 213.611
470, 881.28, 772.49, 215.998
471, 881.123, 772.147, 219.729
472, 878.535, 770.857, 222.116
473, 874.801, 770.747, 221.779
474, 871.828, 768.674, 220.817
475, 869.218, 769.125, 218.162
476, 865.469, 769.083, 218.137
477, 862.795, 768.861, 220.757
478, 859.095, 768.549, 221.285
479, 856.785, 770.479, 219.049
480, 854.031, 773.024, 218.977
481, 850.82, 773.024, 220.914
482, 849.016, 773.059, 224.201
483, 848.993, 773.059, 227.951
484, 850.987, 771.357, 230.633
485, 850.982, 771.379, 234.383
486, 853.169, 769.935, 237.065
487, 688.894, 800.989, 977.05
488, 688.812, 801.409, 973.325
489, 689.48, 800.192, 969.841
490, 689.049, 801.589, 966.388
491, 689.142, 803.34, 963.073
492, 690.544, 806.632, 961.95
493, 691.924, 808.187, 958.829
494, 691.865, 809.275, 955.241
495, 692.599, 812.49, 953.456
496, 695.578, 814.51, 954.507
497, 697.39, 814.684, 957.785
498, 698.964, 816.572, 960.618
499, 700.952, 818.318, 963.275
500, 700.96, 818.329, 967.025
501, 698.349, 818.029, 969.7
502, 695.932, 819.927, 971.848
503, 694.518, 823.396, 971.689
504, 692.766, 825.253, 968.941
505, 692.853, 825.172, 965.193
506, 690.509, 826.181, 962.445
507, 689.712, 828.154, 959.358
508, 686.419, 829.807, 958.659
509, 684.396, 829.148, 955.571
510, 682.97, 826.383, 953.476
511, 682.289, 826.1, 949.8
512, 681.592, 824.441, 946.51
513, 682.548, 824.837, 942.905
514, 682.396, 824.476, 939.176
515, 681.175, 823.969, 935.667
516, 679.202, 823.814, 932.482
517, 679.073, 823.665, 928.737
518, 678.601, 822.922, 925.091
519, 676.288, 820.726, 923.119
520, 675.933, 819.921, 919.473
521, 675.512, 821.026, 915.914
522, 676.275, 822.755, 912.676
523, 676.784, 822.955, 908.966
524, 676.873, 823.028, 905.218
525, 677.722, 823.487, 901.594
526, 680.065, 825.128, 899.17
527, 680.734, 828.807, 899.459
528, 680.043, 831.163, 902.294
529, 681.82, 834.453, 902.584
530, 683, 837.059, 900.16
531, 682.787, 838.894, 896.896
532, 682.956, 838.525, 893.168
533, 684.845, 836.312, 890.803
534, 685.249, 836.278, 887.075
535, 687.967, 836.084, 884.499
536, 690.438, 833.265, 884.584
537, 691.162, 830.276, 882.438
538, 693.741, 828.268, 880.6
539, 694.979, 826.947, 877.316
540, 697.984, 826.835, 875.075
541, 698.472, 826.558, 871.367
542, 697.724, 826.668, 867.694
543, 698.954, 825.032, 864.551
544, 698.706, 825.746, 860.878
545, 697.708, 826.235, 857.297
546, 697.259, 826.084, 853.577
547, 695.628, 823.622, 851.265
548, 695.446, 823.165, 847.548
549, 695.124, 820.318, 845.129
550, 697.437, 817.382, 845.424
551, 697.897, 814.975, 848.263
552, 696.808, 811.477, 849.06
553, 696.912, 809.435, 852.204
554, 697.522, 805.822, 853.002
555, 698.905, 804.317, 856.146
556, 701.612, 801.848, 856.943
557, 703.651, 801.707, 860.087
558, 707.305, 801.986, 860.885
559, 709.587, 804.616, 862.277
560, 713.08, 805.051, 863.569
561, 715.612, 803.102, 865.532
562, 719.152, 802.19, 864.697
563, 720.253, 800.349, 861.621
564, 720.958, 799.514, 858.034
565, 723.428, 797.326, 856.252
566, 726.725, 795.843, 855.257
567, 730.024, 794.254, 854.448
568, 57.4358, 457.106, 622.669
569, 58.5019, 454.046, 620.782
570, 60.7872, 452.368, 618.327
571, 63.4938, 449.821, 617.827
572, 66.0522, 449.138, 615.172
573, 69.4394, 450.747, 615.147
574, 70.4401, 453.512, 612.819
575, 73.8068, 455.111, 613.232
576, 76.1624, 455.242, 616.147
577, 77.0571, 455.323, 619.787
578, 76.3733, 454.512, 623.384
579, 74.5897, 452.205, 625.741
580, 72.9412, 450.971, 628.876
581, 71.9408, 449.923, 632.334
582, 71.9689, 448.333, 635.73
583, 71.8179, 446.145, 638.772
584, 72.1362, 445.315, 642.415
585, 70.6467, 446.543, 645.63
586, 67.0667, 447.164, 646.558
587, 64.7591, 446.496, 649.438
588, 63.2127, 446.019, 652.821
589, 64.4372, 445.92, 656.364
590, 62.8596, 445.559, 659.746
591, 60.4121, 447.076, 662.148
592, 60.2078, 447.37, 665.881
593, 57.3763, 447.896, 668.283
594, 55.5938, 447.989, 671.581
595, 56.1617, 448.205, 675.281
596, 55.6337, 448.438, 678.987
597, 55.7541, 448.132, 682.722
598, 55.4314, 448.873, 686.384
599, 54.0658, 449.419, 689.834
600, 54.6168, 448.153, 693.32
601, 54.248, 449.577, 696.77
602, 53.223, 450.382, 700.286
603, 54.7335, 450.054, 703.703
604, 57.6889, 451.933, 705.044
605, 58.4964, 455.466, 706.007
606, 60.036, 458.871, 705.697
607, 62.4474, 460.436, 708.105
608, 62.5221, 460.779, 711.838
609, 64.2865, 462.036, 714.899
610, 67.9317, 461.445, 715.551
611, 70.9145, 462.229, 713.418
612, 72.8182, 461.133, 710.379
613, 75.7294, 461.9, 708.143
614, 76.7295, 463.289, 704.806
615, 76.1752, 466.809, 703.638
616, 77.4314, 470.026, 705.101
617, 79.3972, 472.901, 703.713
618, 82.1294, 475.013, 705.176
619, 85.587, 474.589, 703.787
620, 88.8835, 473.162, 702.71
621, 91.7709, 471.541, 704.47
622, 92.847, 471.837, 708.05
623, 94.0232, 473.88, 710.966
624, 97.6166, 474.869, 711.382
625, 99.0842, 477.418, 709.056
626, 98.2727, 480.498, 707.076
627, 97.7226, 481.175, 703.429
628, 99.656, 480.965, 700.223
629, 99.5941, 481.041, 696.474
630, 99.2103, 483.72, 693.878
631, 97.4326, 485.067, 690.864
632, 97.174, 485.628, 687.165
633, 99.1981, 484.869, 684.101
634, 98.721, 485.262, 680.402
635, 98.2221, 486.024, 676.765
636, 98.1962, 485.897, 673.017
637, 97.1623, 483.373, 670.444
638, 97.0431, 483.322, 666.696
639, 94.9606, 484.149, 663.689
640, 94.1239, 483.794, 660.051
641, 92.9555, 481.008, 657.829
642, 92.4153, 480.783, 654.125
643, 93.8947, 481.671, 650.795
644, 93.6184, 480.591, 647.215
645, 90.7794, 478.887, 645.454
646, 89.8805, 475.373, 644.502
647, 86.6879, 473.458, 644.054
648, 85.64, 471.375, 641.117
649, 536.851, 689.993, 730.674
650, 533.925, 687.867, 729.682
651, 531.629, 688.218, 726.738
652, 529.141, 689.119, 724.082
653, 526.701, 690.072, 721.398
654, 524.31, 692.96, 721.332
655, 524.541, 695.569, 718.648
656, 524.522, 695.552, 714.898
657, 524.753, 698.161, 712.214
658, 525.851, 699.578, 708.92
659, 524.817, 699.441, 705.318
660, 526.246, 698.359, 702.024
661, 528.489, 698.657, 699.033
662, 528.762, 698.516, 695.296
663, 530.832, 699.057, 692.216
664, 533.025, 698.598, 689.209
665, 532.535, 698.776, 685.496
666, 532.013, 699.329, 681.823
667, 528.892, 699.434, 679.747
668, 527.943, 698.995, 676.146
669, 525.284, 699.407, 673.535
670, 521.828, 700.862, 673.571
671, 520.531, 703.997, 675.17
672, 521.947, 707.463, 674.966
673, 524.2, 709.613, 672.876
674, 524.641, 713.27, 673.579
675, 525.643, 716.218, 671.489
676, 528.843, 718.144, 671.154
677, 529.761, 721.756, 671.571
678, 528.568, 723.787, 674.488
679, 529.447, 727.242, 675.652
680, 530.917, 728.127, 678.986
681, 534.36, 727.332, 680.241
682, 535.414, 726.088, 683.618
683, 534.463, 726.846, 687.165
684, 534.154, 729.458, 689.839
685, 534.159, 729.448, 693.589
686, 534.74, 726.867, 696.247
687, 533.375, 724.684, 698.973
688, 532.525, 721.58, 700.899
689, 533.011, 717.971, 700.006
690, 535.559, 716.006, 701.932
691, 535.987, 712.823, 703.868
692, 538.889, 710.585, 704.664
693, 542.03, 710.974, 702.653
694, 542.692, 710.463, 698.998
695, 544.016, 708.858, 695.878
696, 544.895, 707.497, 692.496
697, 544.601, 704.515, 690.241
698, 546.955, 701.615, 690.576
699, 548.214, 699.548, 693.44
700, 550.372, 699.012, 696.46
701, 549.906, 698.735, 700.17
702, 550.332, 700.373, 703.517
703, 553.333, 702.157, 704.886
704, 554.2, 705.491, 703.404
705, 556.663, 708.317, 703.473
706, 558.951, 709.587, 706.159
707, 561.948, 711.841, 706.228
708, 564.008, 713.454, 708.915
709, 563.98, 713.457, 712.664
710, 565.762, 711.541, 715.351
711, 569.508, 711.385, 715.42
712, 572.024, 708.68, 716.065
713, 574.109, 705.748, 715.009
714, 577.18, 705.213, 712.925
715, 580.147, 704.629, 710.706
716, 581.425, 704.933, 707.194
717, 582.289, 704.623, 703.558
718, 584.708, 705.751, 700.924
719, 584.738, 705.783, 697.174
720, 583.495, 705.725, 693.636
721, 582.651, 706.486, 690.063
722, 581.234, 706.588, 686.592
723, 578.816, 704.521, 684.607
724, 576.279, 701.768, 684.824
725, 572.536, 701.595, 684.969
726, 570.482, 703.448, 682.436
727, 569.585, 706.372, 680.267
728, 570.818, 709.861, 680.875
729, 573.473, 712.334, 679.927
730, 194.922, 949.156, 640.706
731, 192.868, 946.531, 638.987
732, 193.283, 942.977, 640.109
733, 195.449, 939.917, 640.172
734, 197.546, 938.345, 642.854
735, 197.745, 938.372, 646.599
736, 196.694, 938.527, 650.195
737, 195.715, 937.808, 653.743
738, 195.469, 936.529, 657.26
739, 195.235, 935.393, 660.826
740, 194.383, 932.545, 663.112
741, 195.393, 928.963, 662.646
742, 193.865, 926.2, 660.623
743, 192.652, 925.69, 657.112
744, 194.129, 926.1, 653.69
745, 195.611, 928.69, 651.419
746, 199.194, 929.686, 651.903
747, 201.216, 928.582, 654.862
748, 204.417, 926.748, 655.533
749, 208.095, 927.473, 655.61
750, 209.622, 929.724, 653.028
751, 209.674, 929.829, 649.279
752, 210.995, 930.287, 645.8
753, 212.515, 933.374, 644.31
754, 212.544, 936.498, 642.235
755, 210.048, 939.07, 641.134
756, 207.362, 939.74, 638.605
757, 204.025, 938.973, 637.076
758, 202.693, 939.242, 633.581
759, 200.834, 940.457, 630.559
760, 198.009, 939.882, 628.16
761, 197.274, 939.848, 624.483
762, 195.721, 938.166, 621.513
763, 193.612, 936.037, 619.259
764, 193.612, 935.493, 615.548
765, 192.929, 934.804, 611.926
766, 191.573, 933.734, 608.597
767, 191.419, 932.635, 605.015
768, 192.462, 931.239, 601.695
769, 195.22, 929.365, 599.98
770, 196.367, 929.577, 596.416
771, 195.408, 928.199, 593.063
772, 192.386, 927.64, 590.914
773, 191.828, 928.019, 587.226
774, 192.29, 927.648, 583.523
775, 190.475, 927.46, 580.247
776, 187.927, 927.347, 577.498
777, 188.016, 927.267, 573.75
778, 187.499, 929.108, 570.524
779, 187.514, 930.056, 566.896
780, 186.659, 931.939, 563.768
781, 187.563, 934.386, 561.074
782, 188.001, 934.767, 557.369
783, 190.044, 934.634, 554.227
784, 192.478, 931.894, 553.434
785, 193.68, 928.968, 555.448
786, 195.891, 927.953, 558.301
787, 197.209, 924.456, 558.619
788, 196.658, 921.305, 560.576
789, 198.007, 917.913, 559.719
790, 199.111, 914.911, 561.677
791, 197.555, 911.499, 561.642
792, 198.844, 907.992, 561.958
793, 201.099, 906.934, 564.762
794, 200.978, 907.095, 568.506
795, 203.441, 906.727, 571.31
796, 206.462, 908.936, 571.551
797, 209.261, 908.517, 569.091
798, 212.604, 909.15, 567.515
799, 216.196, 908.164, 567.077
800, 217.617, 906.305, 564.147
801, 217.272, 903.6, 561.573
802, 219.523, 900.657, 560.995
803, 219.241, 898.447, 557.979
804, 218.471, 897.557, 554.418
805, 216.918, 896.239, 551.27
806, 217.04, 896.995, 547.599
807, 219.566, 898.838, 545.528
808, 223.204, 898.288, 546.255
809, 225.074, 895.783, 544.184
810, 224.564, 892.139, 544.91
811, 811.884, 624.256, 620.563
812, 811.422, 624.438, 624.28
813, 813.501, 625.328, 627.272
814, 814.886, 628.732, 628.018
815, 813.493, 632.087, 628.948
816, 814.743, 635.546, 628.218
817, 815.019, 638.813, 630.038
818, 814.346, 639.62, 633.638
819, 813.718, 642.838, 635.458
820, 813.842, 646.488, 636.309
821, 815.912, 648.444, 638.749
822, 819.505, 648.361, 639.818
823, 822.947, 648.321, 641.307
824, 826.2, 649.95, 640.396
825, 828.178, 652.952, 641.463
826, 829.944, 653.325, 644.75
827, 829.372, 652.471, 648.357
828, 830.088, 653.657, 651.841
829, 830.256, 656.005, 654.76
830, 830.465, 655.688, 658.491
831, 833.237, 654.858, 660.877
832, 835.581, 652.781, 662.939
833, 836.276, 652.436, 666.608
834, 835.281, 652.435, 670.224
835, 833.456, 654.001, 673.101
836, 833.534, 653.697, 676.838
837, 831.472, 654.935, 679.715
838, 830.274, 657.013, 682.597
839, 830.583, 656.928, 686.334
840, 833.428, 656.681, 688.764
841, 834.009, 657.04, 692.451
842, 831.954, 657.512, 695.553
843, 829.983, 660.619, 696.275
844, 829.4, 664.193, 697.249
845, 830.495, 665.732, 700.489
846, 829.573, 665.571, 704.121
847, 830.987, 666.823, 707.36
848, 832.155, 670.251, 708.335
849, 832.909, 672.852, 710.929
850, 834.331, 673.645, 714.307
851, 837.341, 673.467, 716.536
852, 837.917, 673.476, 720.242
853, 835.73, 673.681, 723.281
854, 833.355, 676.517, 723.897
855, 830.54, 677.724, 721.733
856, 827.074, 676.36, 721.303
857, 824.838, 677.071, 718.377
858, 822.268, 678.1, 715.848
859, 820.572, 678.533, 712.531
860, 817.503, 676.736, 711.343
861, 817.066, 675.1, 707.997
862, 817.81, 675.977, 704.428
863, 818.012, 676.583, 700.733
864, 819.914, 678.972, 698.556
865, 820.497, 679.234, 694.86
866, 819.42, 679.636, 691.291
867, 817.627, 681.339, 688.472
868, 814.689, 683.655, 688.207
869, 812.12, 686.355, 687.793
870, 809.18, 686.443, 690.119
871, 806.731, 686.183, 692.948
872, 804.312, 685.89, 695.798
873, 801.587, 688.004, 697.271
874, 800.443, 691.299, 695.894
875, 802.042, 694.644, 695.33
876, 802.597, 696.813, 692.322
877, 802.636, 696.29, 688.609
878, 804.284, 694.854, 685.562
879, 804.297, 694.733, 681.814
880, 803.467, 697.144, 679.064
881, 803.448, 697.153, 675.314
882, 802.476, 699.62, 672.662
883, 802.465, 699.637, 668.912
884, 801.219, 701.588, 665.962
885, 798.116, 703.534, 665.158
886, 796.124, 706.369, 666.591
887, 792.437, 707.034, 666.759
888, 790.132, 705.452, 669.258
889, 786.4, 705.755, 669.069
890, 784.143, 704.612, 666.3
891, 784.284, 704.661, 662.553
892, 565.142, 430.586, 527.97
893, 566.963, 433.608, 529.239
894, 568.87, 436.33, 530.976
895, 572.463, 436.982, 530.123
896, 574.109, 435.855, 526.948
897, 573.891, 435.858, 523.204
898, 571.616, 437.371, 520.635
899, 568.283, 437.082, 518.942
900, 564.893, 438.201, 520.091
901, 563.326, 438.933, 523.418
902, 561.776, 438.381, 526.788
903, 560.284, 435.282, 528.282
904, 559.601, 434.067, 531.764
905, 559.819, 435.507, 535.219
906, 560.64, 434.381, 538.7
907, 564.036, 433.83, 540.194
908, 566.626, 435.677, 542.18
909, 567.319, 436.194, 545.829
910, 567.028, 434.265, 549.032
911, 568.383, 432.409, 551.996
912, 568.398, 432.86, 555.718
913, 568.883, 432.336, 559.4
914, 569.763, 429.367, 561.514
915, 569.181, 428.282, 565.056
916, 570.726, 428.757, 568.44
917, 572.356, 431.798, 569.91
918, 573.721, 432.299, 573.366
919, 574.669, 434.318, 576.381
920, 574.654, 437.165, 578.822
921, 577.271, 439.837, 578.556
922, 579.621, 442.669, 577.834
923, 579.437, 444.77, 574.733
924, 579.275, 448.446, 574.011
925, 576.71, 450.82, 575.37
926, 575.714, 453.821, 577.386
927, 575.259, 454.515, 581.043
928, 575.886, 457.615, 583.059
929, 576.303, 458.332, 586.716
930, 579.036, 459.922, 588.732
931, 579.684, 460.441, 592.389
932, 579.695, 460.533, 596.138
933, 579.635, 459.316, 599.684
934, 580.804, 460.387, 603.083
935, 582.39, 460.326, 606.48
936, 585.037, 462.643, 607.779
937, 585.642, 466.334, 607.505
938, 588.457, 468.38, 606.108
939, 590.807, 468.583, 603.193
940, 590.483, 468.397, 599.461
941, 589.716, 465.611, 597.071
942, 589.778, 465.243, 593.34
943, 588.117, 462.879, 590.95
944, 587.366, 459.327, 590.01
945, 585.665, 456.086, 590.823
946, 583.825, 455.224, 593.975
947, 583.519, 454.391, 597.618
948, 583.575, 456.323, 600.832
949, 583.29, 456.629, 604.559
950, 584.186, 456.172, 608.172
951, 584.805, 456.096, 611.869
952, 587.213, 457.959, 614.06
953, 590.858, 457.765, 614.919
954, 592.461, 456.001, 617.814
955, 592.337, 453.076, 620.157
956, 592.309, 452.643, 623.882
957, 591.489, 454.805, 626.835
958, 590.611, 455.961, 630.293
959, 590.612, 455.965, 634.043
960, 591.89, 454.282, 637.141
961, 591.978, 454.953, 640.829
962, 593.226, 457.285, 643.488
963, 594.215, 460.778, 644.428
964, 592.724, 464.209, 644.693
965, 592.089, 466.983, 642.251
966, 592.43, 467.637, 638.574
967, 593.208, 470.649, 636.479
968, 591.342, 473.855, 637.027
969, 588.459, 474.633, 639.296
970, 587.071, 477.017, 641.835
971, 585.304, 477.494, 645.108
972, 584.408, 477.754, 648.741
973, 542.131, 936.247, 743.767
974, 541.893, 935.636, 740.074
975, 540.794, 934.7, 736.613
976, 540.915, 936.103, 733.138
977, 543.077, 937.943, 730.688
978, 545.846, 940.18, 729.506
979, 547.526, 940.433, 726.163
980, 547.089, 940.441, 722.439
981, 549.302, 941.1, 719.484
982, 551.09, 944.361, 719.007
983, 553.303, 945.02, 716.052
984, 553.716, 944.8, 712.331
985, 554.773, 944.75, 708.734
986, 557.586, 945.531, 706.381
987, 559.44, 948.769, 706.762
988, 560.903, 951.173, 709.24
989, 561.09, 951.35, 712.982
990, 561.008, 948.903, 715.822
991, 562.466, 947.326, 718.896
992, 565.415, 945.478, 720.294
993, 566.11, 943.309, 723.273
994, 567.789, 941.877, 726.305
995, 567.394, 942.28, 730.012
996, 564.387, 942.326, 732.251
997, 562.449, 940.467, 734.869
998, 561.984, 936.77, 735.294
999, 560.135, 935.319, 738.216
1000, 556.846, 935.145, 740.009
1001, 553.369, 936.089, 738.967
1002, 550.128, 936.001, 737.083
1003, 547.617, 933.379, 738.025
1004, 546.532, 931.637, 741.163
1005, 546.87, 929.968, 744.504
1006, 547.494, 930.92, 748.077
1007, 548.054, 931.163, 751.777
1008, 550.884, 930.064, 753.979
1009, 553.569, 931.231, 756.322
1010, 553.973, 931.074, 760.047
1011, 554.35, 931.088, 763.778
1012, 556.482, 929.134, 766.165
1013, 557.8, 928.498, 769.617
1014, 558.497, 926.535, 772.735
1015, 558.545, 926.49, 776.485
1016, 556.682, 927.774, 779.476
1017, 556.217, 927.809, 783.197
1018, 557.715, 926.082, 786.169
1019, 557.645, 925.021, 789.766
1020, 557.568, 926.793, 793.07
1021, 556.658, 927.637, 796.608
1022, 557.906, 927.436, 800.139
1023, 556.971, 928.715, 803.538
1024, 558.208, 928.453, 807.068
1025, 557.337, 929.776, 810.467
1026, 557.792, 932.049, 813.415
1027, 559.468, 934.732, 815.428
1028, 562.37, 935.419, 817.702
1029, 562.891, 935.395, 821.415
1030, 561.881, 935.552, 825.023
1031, 563.234, 934.347, 828.307
1032, 563.369, 932.205, 831.382
1033, 566.123, 929.752, 832.059
1034, 568.359, 927.021, 830.79
1035, 568.651, 924.754, 827.817
1036, 568.283, 925.041, 824.096
1037, 569.444, 924.013, 820.682
1038, 569.359, 925.308, 817.164
1039, 571.071, 927.283, 814.474
1040, 574.809, 927.569, 814.4
1041, 577.413, 927.783, 811.71
1042, 577.451, 927.751, 807.961
1043, 578.992, 926.091, 804.972
1044, 580.168, 925.611, 801.444
1045, 581.612, 925.07, 798.026
1046, 583.58, 924.268, 794.936
1047, 583.152, 924.772, 791.245
1048, 583.937, 922.797, 788.156
1049, 582.497, 919.406, 787.454
1050, 580.105, 917.992, 784.936
1051, 578.121, 916.27, 782.259
1052, 577.837, 912.547, 781.917
1053, 577.251, 909.461, 783.965
1054, 66.3167, 91.4945, 490.127
1055, 63.8252, 88.9331, 488.99
1056, 61.3443, 86.1769, 488.432
1057, 58.4804, 83.7795, 488.096
1058, 54.7489, 84.0901, 487.892
1059, 52.3764, 86.8629, 487.029
1060, 51.582, 89.7803, 484.811
1061, 50.1985, 93.2442, 484.424
1062, 51.3369, 95.9368, 486.773
1063, 50.1744, 98.8471, 488.833
1064, 50.9776, 100.747, 491.965
1065, 53.1232, 101.631, 494.91
1066, 55.9071, 104.1, 495.372
1067, 59.1034, 105.482, 496.764
1068, 62.3215, 104.227, 495.304
1069, 65.7969, 104.446, 496.696
1070, 69.4735, 104.018, 497.297
1071, 73.111, 104.916, 497.453
1072, 75.9244, 103.237, 495.628
1073, 79.22, 104.051, 494.034
1074, 79.8941, 105.154, 490.514
1075, 79.1159, 108.458, 488.92
1076, 80.5, 110.722, 486.271
1077, 81.5918, 111.332, 482.735
1078, 80.4109, 110.255, 479.343
1079, 79.7766, 108.186, 476.281
1080, 78.2535, 107.353, 472.957
1081, 79.3142, 107.048, 469.373
1082, 77.7911, 106.215, 466.049
1083, 78.4002, 106.697, 462.38
1084, 79.9572, 109.415, 460.318
1085, 82.6705, 112.003, 460.34
1086, 84.2865, 114.143, 457.718
1087, 85.0635, 114.255, 454.051
1088, 85.3987, 114.414, 450.32
1089, 86.7312, 116.977, 447.928
1090, 87.3832, 120.655, 448.258
1091, 88.7958, 122.623, 451.121
1092, 89.1045, 122.721, 454.857
1093, 86.9694, 123.811, 457.74
1094, 83.6307, 124.667, 459.218
1095, 81.5083, 123.427, 462.05
1096, 79.9076, 120.047, 462.334
1097, 76.4104, 118.777, 461.867
1098, 73.1726, 120.268, 460.702
1099, 71.9512, 123.521, 462.113
1100, 73.3925, 126.95, 461.64
1101, 73.9942, 129.182, 458.687
1102, 73.8824, 128.764, 454.962
1103, 73.9029, 128.728, 451.213
1104, 74.1841, 131.32, 448.518
1105, 74.1767, 131.28, 444.768
1106, 74.5649, 132.206, 441.155
1107, 73.89, 134.419, 438.204
1108, 71.4218, 137.089, 437.288
1109, 68.1954, 137.234, 439.193
1110, 67.2448, 137.334, 442.819
1111, 68.7052, 138.503, 446.069
1112, 69.24, 139.376, 449.677
1113, 69.7111, 140.628, 453.18
1114, 72.8137, 142.055, 454.73
1115, 73.7701, 142.99, 458.233
1116, 73.7746, 143.259, 461.974
1117, 74.3876, 146.013, 464.444
1118, 74.4639, 146.271, 468.184
1119, 76.9357, 147.632, 470.654
1120, 77.7141, 150.264, 473.209
1121, 78.8457, 151.736, 476.467
1122, 78.7693, 150.768, 480.089
1123, 78.388, 150.431, 483.804
1124, 80.6356, 150.304, 486.803
1125, 83.5362, 151.322, 488.951
1126, 84.3507, 150.936, 492.591
1127, 84.2052, 151.337, 496.316
1128, 84.7935, 154.2, 498.665
1129, 84.8347, 154.624, 502.391
1130, 84.4885, 152.333, 505.339
1131, 85.2897, 151.234, 508.834
1132, 85.9738, 148.309, 511.078
1133, 85.6819, 147.833, 514.786
1134, 85.3368, 147.333, 518.487
1135, 696.127, 403.058, 69.4601
1136, 699.539, 402.995, 67.9044
1137, 702.086, 405.424, 69.198
1138, 703.678, 405.395, 72.593
1139, 706.226, 407.824, 73.8866
1140, 707.797, 408.084, 77.2817
1141, 708.977, 407.542, 80.7996
1142, 707.46, 407.22, 84.2139
1143, 704.774, 406.166, 86.6093
1144, 703.307, 402.851, 87.5694
1145, 704.542, 399.601, 86.1648
1146, 704.321, 396.149, 87.6116
1147, 701.534, 393.67, 87.999
1148, 699.698, 391.394, 85.6513
1149, 697.243, 391.119, 82.8298
1150, 694.907, 389.649, 80.2908
1151, 692.819, 388.487, 77.4004
1152, 692.985, 388.56, 73.6547
1153, 695.678, 389.175, 71.1188
1154, 698.862, 387.199, 71.259
1155, 702.508, 386.831, 72.0579
1156, 704.524, 384.39, 70.0491
1157, 704.954, 381.203, 68.1195
1158, 706.712, 378.832, 65.8065
1159, 708.848, 375.781, 66.2381
1160, 708.451, 373.456, 69.1537
1161, 710.582, 370.412, 69.6606
1162, 710.315, 368.143, 72.634
1163, 708.52, 366.711, 75.5992
1164, 708.611, 367.155, 79.3217
1165, 707.98, 369.401, 82.2577
1166, 705.864, 370.605, 85.11
1167, 704.854, 374.202, 85.4257
1168, 704.997, 376.633, 88.2781
1169, 706.673, 378.14, 91.2748
1170, 706.351, 377.752, 94.9906
1171, 706.073, 377.702, 98.73
1172, 707.301, 376.857, 102.171
1173, 707.952, 373.439, 103.569
1174, 710.917, 371.399, 102.514
1175, 713.871, 369.224, 103.292
1176, 715.003, 367.503, 106.426
1177, 714.281, 363.906, 107.205
1178, 712.844, 360.673, 105.963
1179, 712.517, 357.32, 104.316
1180, 710.673, 354.282, 105.514
1181, 707.405, 353.465, 103.868
1182, 706.763, 352.407, 100.327
1183, 705.882, 350.697, 97.1085
1184, 706.621, 351.204, 93.4671
1185, 708.07, 353.872, 91.2657
1186, 710.042, 357.011, 91.8358
1187, 713.383, 357.793, 93.3476
1188, 716.436, 355.922, 92.2332
1189, 717.325, 352.3, 91.8432
1190, 719.091, 350.709, 88.9429
1191, 718.748, 350.773, 85.2093
1192, 720.959, 350.696, 82.1815
1193, 724.439, 351.959, 81.585
1194, 726.549, 352.945, 78.6459
1195, 729.402, 354.413, 76.7049
1196, 732.893, 353.313, 75.8885
1197, 736.348, 352.897, 77.2861
1198, 739.083, 355.02, 78.7281
1199, 741.455, 357.664, 79.9286
1200, 741.374, 359.343, 83.2805
1201, 740.873, 361.191, 86.505
1202, 740.543, 360.609, 90.1949
1203, 740.909, 359.258, 93.6739
1204, 741.214, 355.83, 95.1628
1205, 740.322, 354.752, 98.6418
1206, 736.926, 354.191, 100.131
1207, 734.319, 351.628, 99.2949
1208, 734.275, 348.442, 101.272
1209, 731.668, 345.879, 100.436
1210, 731.64, 343.868, 97.2707
1211, 731.088, 344.442, 93.6062
1212, 728.123, 345.466, 91.5522
1213, 724.872, 347.335, 91.5317
1214, 722.179, 347.776, 94.1039
1215, 720.012, 350.756, 94.7986
1216, 418.378, 600.94, 492.691
1217, 419.366, 599.478, 489.382
1218, 418.314, 599.687, 485.789
1219, 417.352, 600.23, 482.205
1220, 414.07, 599.841, 480.434
1221, 410.644, 600.931, 481.499
1222, 409, 601.681, 484.785
1223, 409.364, 600.721, 488.392
1224, 407.754, 601.541, 491.678
1225, 407.534, 602.208, 495.362
1226, 408.678, 604.516, 498.086
1227, 408.371, 607.116, 500.771
1228, 410.647, 610.034, 501.378
1229, 412.673, 610.9, 504.413
1230, 415.703, 609.702, 506.269
1231, 416.256, 608.446, 509.759
1232, 419.189, 606.669, 511.275
1233, 420.309, 605.877, 514.765
1234, 421.372, 606.053, 518.357
1235, 424.06, 604.152, 520.153
1236, 425.527, 600.861, 519.114
1237, 428.913, 599.541, 518.189
1238, 430.229, 596.587, 520.088
1239, 431.12, 596.219, 523.712
1240, 431.044, 596.26, 527.461
1241, 428.399, 596.787, 530.066
1242, 426.916, 598.98, 532.721
1243, 427.224, 600.621, 536.079
1244, 427.627, 599.711, 539.695
1245, 426.051, 600.33, 543.04
1246, 425.59, 601.371, 546.613
1247, 425.205, 601.711, 550.328
1248, 425.004, 604.682, 552.607
1249, 424.698, 608.39, 552.133
1250, 422.583, 610.486, 554.413
1251, 419.292, 612.219, 553.939
1252, 416.315, 612.144, 556.218
1253, 415.959, 611.773, 559.933
1254, 413.49, 610.107, 562.212
1255, 410.966, 608.972, 564.742
1256, 410.736, 608.538, 568.46
1257, 410.105, 610.633, 571.505
1258, 408.761, 612.605, 574.398
1259, 406.646, 615.678, 574.777
1260, 404.046, 617.005, 572.423
1261, 402.534, 620.269, 571.363
1262, 402.591, 623.305, 569.163
1263, 400.159, 625.859, 567.888
1264, 396.757, 625.96, 569.463
1265, 394.456, 623.815, 571.504
1266, 393.292, 622.425, 574.787
1267, 393.247, 622.959, 578.498
1268, 395.168, 625.252, 580.76
1269, 398.486, 626.933, 581.235
1270, 400.654, 627.734, 584.189
1271, 400.24, 627.866, 587.913
1272, 398.448, 630.183, 590.256
1273, 398.168, 633.9, 590.669
1274, 396.387, 635.447, 593.584
1275, 394.639, 638.489, 594.908
1276, 395.049, 640.04, 598.298
1277, 394.363, 639.002, 601.836
1278, 394.81, 636.755, 604.805
1279, 394.334, 633.632, 606.826
1280, 391.332, 631.399, 606.575
1281, 387.707, 631.912, 605.765
1282, 386.075, 630.699, 602.615
1283, 385.718, 628.355, 599.709
1284, 385.507, 628.644, 595.976
1285, 385.769, 631.512, 593.574
1286, 383.387, 634.404, 593.735
1287, 383.619, 636.944, 596.484
1288, 384.11, 637.358, 600.179
1289, 382.933, 637.428, 603.738
1290, 383.089, 637.422, 607.485
1291, 382.738, 637.1, 611.205
1292, 383.745, 639.142, 614.184
1293, 382.728, 642.193, 616.112
1294, 382.764, 645.929, 615.791
1295, 384.205, 648.425, 618.19
1296, 384.193, 652.165, 618.462
1297, 735.282, 162.786, 429.121
1298, 736.355, 165.486, 426.75
1299, 736.081, 167.303, 423.481
1300, 736.993, 170.791, 422.449
1301, 739.118, 173.832, 421.902
1302, 742.64, 174.929, 422.576
1303, 745.8, 173.292, 423.758
1304, 747.455, 170.955, 426.179
1305, 747.783, 170.897, 429.914
1306, 745.488, 170.226, 432.804
1307, 742.631, 170.058, 435.227
1308, 740.132, 167.278, 434.937
1309, 738.799, 164.745, 437.361
1310, 738.895, 164.429, 441.096
1311, 736.791, 165.567, 443.984
1312, 737.091, 165.43, 447.719
1313, 736.236, 167.665, 450.607
1314, 735.082, 168.658, 454.034
1315, 735.975, 167.676, 457.541
1316, 736.088, 164.267, 459.101
1317, 734.899, 160.953, 457.811
1318, 731.823, 159.48, 459.371
1319, 729.189, 159.836, 462.016
1320, 729.163, 159.824, 465.766
1321, 726.677, 160.763, 468.412
1322, 723.734, 159.453, 470.331
1323, 720.951, 160.437, 472.644
1324, 720.213, 161.961, 475.99
1325, 720.34, 165.516, 477.177
1326, 719.885, 167.148, 480.523
1327, 720.435, 166.14, 484.092
1328, 721.689, 164.378, 487.156
1329, 722.711, 162.011, 489.879
1330, 725.935, 160.1, 490.002
1331, 726.713, 157.123, 487.858
1332, 727.117, 156.576, 484.17
1333, 726.015, 156.748, 480.59
1334, 724.788, 158.41, 477.46
1335, 725.23, 161.454, 475.316
1336, 726.496, 164.983, 475.419
1337, 728.966, 166.165, 472.857
1338, 729.871, 168.689, 470.236
1339, 729.928, 168.717, 466.487
1340, 731.127, 171.116, 463.866
1341, 732, 173.784, 461.379
1342, 733.268, 174.435, 457.91
1343, 733.336, 174.413, 454.161
1344, 735.533, 175.438, 451.3
1345, 735.253, 175.369, 447.561
1346, 733.672, 173.734, 444.579
1347, 733.708, 170.691, 442.388
1348, 734.294, 169.743, 438.807
1349, 734.574, 169.39, 435.085
1350, 732.292, 169.662, 432.121
1351, 729.946, 167.835, 429.837
1352, 727.46, 168.131, 427.045
1353, 727.608, 168.023, 423.299
1354, 730.341, 168.441, 420.766
1355, 732.042, 168.845, 417.448
1356, 732.131, 168.853, 413.699
1357, 733.886, 170.905, 411.097
1358, 734.581, 172.003, 407.579
1359, 733.853, 175.322, 405.993
1360, 734.752, 178.884, 405.238
1361, 733.253, 182.306, 404.907
1362, 731.001, 183.199, 402.045
1363, 731.268, 183.313, 398.306
1364, 729.914, 182.931, 394.83
1365, 728.372, 180.213, 392.757
1366, 724.764, 179.196, 392.664
1367, 722.357, 176.493, 391.682
1368, 720.479, 176.374, 388.439
1369, 718.803, 174.66, 385.555
1370, 717.438, 171.38, 384.353
1371, 716.11, 168.514, 382.333
1372, 716.427, 165.687, 379.89
1373, 716.663, 165.496, 376.152
1374, 716.771, 165.49, 372.404
1375, 719.324, 166.408, 369.815
1376, 722.858, 165.157, 369.882
1377, 726.501, 164.417, 370.377
1378, 524.949, 635.151, 907.498
1379, 524.096, 637.287, 910.46
1380, 522.507, 640.636, 911.029
1381, 522.055, 642.825, 914.041
1382, 521.766, 642.381, 917.753
1383, 523.95, 642.857, 920.764
1384, 525.797, 645.701, 922.366
1385, 525.973, 647, 925.879
1386, 526.81, 647.645, 929.477
1387, 528.224, 648.346, 932.879
1388, 530.039, 651.355, 934.188
1389, 529.182, 654.899, 935.063
1390, 530.203, 656.592, 938.249
1391, 530.399, 655.78, 941.905
1392, 530.395, 652.615, 943.916
1393, 529.026, 649.215, 943.12
1394, 527.828, 646.193, 941.252
1395, 525.292, 643.602, 942.211
1396, 524.084, 642.132, 945.442
1397, 520.477, 641.76, 946.4
1398, 517.018, 640.314, 946.404
1399, 515.581, 636.865, 946.731
1400, 514.053, 633.844, 945.119
1401, 515.189, 630.317, 945.695
1402, 518.409, 628.64, 944.754
1403, 521.223, 629.181, 942.335
1404, 521.542, 629.285, 938.6
1405, 519.408, 630.355, 935.709
1406, 519.22, 630.911, 932.005
1407, 519.137, 629.551, 928.511
1408, 518.41, 627.183, 925.696
1409, 519.14, 625.79, 922.291
1410, 518.917, 627.048, 918.765
1411, 518.747, 629.31, 915.78
1412, 519.871, 630.631, 912.455
1413, 523.282, 630.924, 910.925
1414, 527.032, 630.993, 910.896
1415, 529.616, 633.646, 910.311
1416, 529.599, 635.868, 907.29
1417, 531.007, 639.042, 905.873
1418, 531.869, 642.685, 906.084
1419, 530.013, 645.728, 904.919
1420, 530.281, 648.177, 902.092
1421, 533.185, 650.533, 901.814
1422, 533.508, 653.477, 904.115
1423, 535.236, 655.689, 906.601
1424, 536.557, 658.716, 908.377
1425, 535.882, 662.249, 907.317
1426, 536.469, 665.909, 907.889
1427, 534.313, 668.921, 907.302
1428, 530.722, 669.66, 908.087
1429, 527.606, 667.632, 908.579
1430, 524.678, 668.235, 906.315
1431, 521.744, 666.526, 904.724
1432, 518.122, 667.462, 904.985
1433, 515.745, 666.769, 907.801
1434, 513.97, 664.224, 909.908
1435, 513.258, 664.094, 913.588
1436, 510.596, 662.5, 915.695
1437, 509.988, 662.109, 919.374
1438, 510.806, 662.983, 922.928
1439, 511.005, 663.579, 926.625
1440, 509.659, 666.312, 928.811
1441, 508.001, 668.773, 931.104
1442, 507.584, 672.295, 932.324
1443, 508.389, 675.929, 932.78
1444, 506.48, 678.96, 931.671
1445, 507.289, 682.61, 931.956
1446, 506.535, 685.83, 930.188
1447, 504.422, 688.738, 931.257
1448, 502.962, 690.306, 934.335
1449, 503.567, 690.09, 938.029
1450, 503.257, 690.734, 941.711
1451, 503.802, 690.052, 945.357
1452, 503.502, 687.019, 947.542
1453, 501.113, 685.039, 949.648
1454, 497.44, 685.362, 948.963
1455, 494.959, 684.911, 946.188
1456, 491.869, 687.025, 945.988
1457, 488.313, 686.378, 946.987
1458, 484.685, 687.052, 946.317
1459, 951.201, 529.954, 62.9292
1460, 951.326, 532.965, 60.6975
1461, 951.672, 533.421, 56.9916
1462, 952.794, 533.723, 53.426
1463, 951.151, 533.364, 50.0743
1464, 947.6, 533.47, 48.8743
1465, 945.134, 531.173, 50.5198
1466, 943.605, 529.819, 53.6648
1467, 944.364, 529.777, 57.337
1468, 942.926, 531.228, 60.4819
1469, 943.305, 530.569, 64.1542
1470, 943.748, 532.246, 67.4793
1471, 943.358, 534.498, 70.4522
1472, 943.434, 534.038, 74.1731
1473, 942.856, 536.25, 77.1461
1474, 942.767, 536.691, 80.869
1475, 942.561, 538, 84.3767
1476, 940.495, 540.713, 85.9378
1477, 939.214, 541.054, 89.4455
1478, 938.195, 541.872, 92.9608
1479, 936.851, 544.531, 95.2374
1480, 937.01, 545.023, 98.9516
1481, 935.605, 543.92, 102.248
1482, 935.346, 543.429, 105.957
1483, 936.221, 540.556, 108.203
1484, 935.963, 539.525, 111.799
1485, 935.006, 538.943, 115.378
1486, 935.205, 539.737, 119.038
1487, 933.502, 538.703, 122.215
1488, 931.354, 536.457, 124.314
1489, 931.366, 535.724, 127.991
1490, 930.825, 534.887, 131.607
1491, 929.531, 531.905, 133.476
1492, 929.2, 528.449, 134.892
1493, 930.97, 526.279, 137.386
1494, 931.409, 526.028, 141.102
1495, 933.133, 524.656, 144.136
1496, 932.57, 524.595, 147.843
1497, 929.831, 525.844, 150.079
1498, 928.658, 528.932, 151.854
1499, 927.656, 529.389, 155.438
1500, 925.35, 531.755, 157.213
1501, 924.544, 535.26, 156.151
1502, 923.88, 537.858, 153.529
1503, 921.395, 540.666, 153.552
1504, 919.289, 542.326, 150.93
1505, 918.961, 544.982, 148.303
1506, 920.85, 548.222, 148.317
1507, 921.89, 550.859, 150.772
1508, 923.616, 553.959, 151.987
1509, 925.7, 556.68, 150.468
1510, 925.259, 560.158, 151.799
1511, 922.482, 562.333, 150.525
1512, 920.044, 564.708, 152.099
1513, 916.954, 566.778, 151.617
1514, 914.419, 569.541, 151.613
1515, 911.753, 569.67, 154.247
1516, 911.72, 569.64, 157.997
1517, 911.012, 569.674, 161.679
1518, 910.015, 568.778, 165.181
1519, 909.089, 567.329, 168.514
1520, 906.713, 564.669, 169.673
1521, 905.208, 563.836, 173.005
1522, 906.328, 563.808, 176.584
1523, 904.636, 563.497, 179.916
1524, 902.022, 565.28, 181.928
1525, 898.372, 565.612, 181.132
1526, 896.335, 565.804, 177.99
1527, 893.648, 568.296, 177.194
1528, 891.275, 571.011, 178.224
1529, 889.154, 573.672, 176.647
1530, 888.734, 575.011, 173.17
1531, 889.984, 574.282, 169.71
1532, 890.275, 573.198, 166.132
1533, 889.369, 574.658, 162.799
1534, 890.162, 578.135, 161.639
1535, 891.708, 580.348, 159.036
1536, 895.396, 581.023, 159.083
1537, 898.451, 578.938, 159.699
1538, 898.87, 576.781, 162.738
1539, 900.816, 575.454, 165.656
1540, 844.966, 570.116, 835.994
1541, 845.791, 570.501, 839.631
1542, 847.527, 572.407, 842.354
1543, 847.5, 572.329, 846.104
1544, 846.282, 571.553, 849.564
1545, 846.383, 571.722, 853.309
1546, 847.219, 572.026, 856.952
1547, 848.149, 571.834, 860.58
1548, 848.785, 571.716, 864.273
1549, 847.566, 573.472, 867.354
1550, 847.604, 573.765, 871.093
1551, 846.601, 575.763, 874.104
1552, 846.514, 575.953, 877.848
1553, 847.203, 575.079, 881.429
1554, 846.83, 571.79, 883.192
1555, 844.66, 570.042, 885.701
1556, 841.306, 568.374, 885.525
1557, 838.775, 568.172, 882.765
1558, 836.444, 565.467, 881.618
1559, 833.354, 564.607, 879.675
1560, 832.557, 565.052, 876.038
1561, 829.349, 565.014, 874.095
1562, 826.656, 567.616, 874.299
1563, 825.672, 569.933, 877.078
1564, 826.399, 571.764, 880.269
1565, 826.399, 570.919, 883.923
1566, 825.068, 569.577, 887.161
1567, 825.064, 565.956, 888.135
1568, 826.392, 564.61, 891.373
1569, 825.805, 565.337, 895.005
1570, 825.909, 566.381, 898.605
1571, 825.885, 566.311, 902.355
1572, 825.643, 565.518, 906.012
1573, 827.117, 562.721, 908.029
1574, 829.278, 561.168, 910.671
1575, 829.567, 559.459, 913.997
1576, 828.669, 560.104, 917.58
1577, 829.057, 558.734, 921.049
1578, 827.391, 555.711, 922.513
1579, 826.332, 554.758, 925.982
1580, 827.106, 555.462, 929.583
1581, 827.095, 555.269, 933.328
1582, 827.42, 552.516, 935.855
1583, 827.481, 552.318, 939.599
1584, 829.407, 550.313, 942.115
1585, 832.411, 548.074, 941.948
1586, 834.554, 546.303, 944.464
1587, 838.141, 545.222, 944.298
1588, 841.174, 545.927, 942.208
1589, 843.816, 544.377, 940.044
1590, 844.074, 543.775, 936.352
1591, 842.401, 545.094, 933.266
1592, 842.962, 544.756, 929.574
1593, 844.567, 543.635, 926.375
1594, 843.763, 543.932, 922.725
1595, 845.715, 544.08, 919.526
1596, 847.39, 544.001, 916.172
1597, 847.439, 544.022, 912.423
1598, 849.816, 545.25, 909.794
1599, 849.832, 545.3, 906.045
1600, 849.74, 545.023, 902.306
1601, 849.813, 545.216, 898.562
1602, 850.216, 545.4, 894.838
1603, 851.77, 545.9, 891.462
1604, 855.263, 545.356, 890.21
1605, 857.622, 547.06, 887.845
1606, 857.689, 547.46, 884.117
1607, 856.566, 545.977, 880.861
1608, 856.997, 546.842, 877.238
1609, 856.935, 550.077, 875.343
1610, 856.397, 550.881, 871.719
1611, 855.1, 551.686, 868.294
1612, 854.515, 554.124, 865.505
1613, 851.686, 556.576, 865.286
1614, 849.261, 557.213, 862.497
1615, 847.452, 560.274, 861.307
1616, 846.486, 561.663, 857.96
1617, 845.012, 562.711, 854.675
1618, 846.035, 562.74, 851.068
1619, 845.225, 562.456, 847.418
1620, 843.809, 563.128, 844.011
1621, 107.913, 600.909, 883.633
1622, 107.416, 599.023, 886.836
1623, 108.527, 597.094, 889.854
1624, 107.913, 594.768, 892.73
1625, 105.531, 593.362, 895.262
1626, 104.016, 591.806, 898.319
1627, 102.295, 589.834, 901.005
1628, 102.32, 589.848, 904.755
1629, 101.788, 589.945, 908.466
1630, 101.03, 591.032, 911.974
1631, 98.7403, 592.142, 914.728
1632, 98.8533, 592.081, 918.476
1633, 99.2908, 591.119, 922.074
1634, 99.6586, 592.86, 925.375
1635, 102.653, 594.833, 926.471
1636, 105.97, 594.692, 924.727
1637, 108.492, 591.975, 924.155
1638, 111.072, 590.373, 926.355
1639, 111.214, 589.778, 930.055
1640, 112.337, 591.631, 933.116
1641, 111.914, 595.299, 933.767
1642, 111.305, 597.379, 936.828
1643, 111.401, 596.837, 940.537
1644, 110.775, 597.279, 944.208
1645, 109.513, 599.714, 946.766
1646, 107.327, 601.95, 948.837
1647, 107.032, 602.657, 952.507
1648, 107.09, 605.783, 954.578
1649, 104.552, 608.446, 953.851
1650, 101.899, 610.983, 954.619
1651, 101.797, 614.633, 955.472
1652, 103.906, 617.727, 955.675
1653, 103.693, 621.399, 956.407
1654, 103.736, 625.066, 955.624
1655, 101.22, 627.668, 956.605
1656, 98.6773, 629.712, 954.756
1657, 95.001, 630.39, 954.459
1658, 92.5962, 630.85, 951.618
1659, 89.4924, 628.766, 951.321
1660, 86.7559, 627.912, 953.738
1661, 85.8964, 626.294, 957.01
1662, 82.4565, 625.22, 958.047
1663, 81.1296, 623.956, 961.319
1664, 80.2598, 622.323, 964.581
1665, 79.9794, 623.26, 968.201
1666, 79.8788, 623.071, 971.945
1667, 79.8886, 624.286, 975.493
1668, 79.0903, 622.862, 978.869
1669, 79.5869, 620.319, 981.58
1670, 80.5964, 619.632, 985.126
1671, 79.9718, 621.132, 988.505
1672, 76.8396, 622.443, 990.097
1673, 73.48, 621.349, 988.841
1674, 70.4453, 622.871, 990.433
1675, 68.2278, 625.622, 989.176
1676, 68.3929, 627.242, 985.798
1677, 66.2625, 629.885, 984.205
1678, 66.029, 631.156, 980.685
1679, 63.2449, 633.098, 979.091
1680, 60.4858, 632.622, 976.596
1681, 58.2023, 630.984, 974.114
1682, 58.0337, 629.993, 970.501
1683, 58.4087, 626.76, 968.639
1684, 56.2465, 624, 967.309
1685, 53.0814, 622.127, 966.576
1686, 50.23, 620.136, 965.174
1687, 46.8213, 620.722, 966.623
1688, 44.7994, 623.552, 965.22
1689, 43.3348, 623.804, 961.777
1690, 41.4186, 622.508, 958.826
1691, 41.1458, 622.511, 955.086
1692, 39.1187, 620.544, 952.619
1693, 36.6498, 617.731, 952.851
1694, 36.8524, 614.34, 951.264
1695, 35.1864, 611.851, 949.008
1696, 35.2888, 611.319, 945.297
1697, 37.7594, 609.626, 943.04
1698, 39.2502, 606.222, 943.542
1699, 39.5796, 603.957, 946.512
1700, 39.497, 604.411, 950.234
1701, 38.6732, 602.275, 953.204
1702, 582.018, 174.871, 930.479
1703, 585.622, 174.651, 931.492
1704, 587.659, 175.666, 934.473
1705, 588.088, 176.925, 937.979
1706, 587.503, 175.522, 941.407
1707, 584.743, 173.384, 942.775
1708, 582.746, 171.237, 945.112
1709, 581.688, 170.105, 948.527
1710, 582.282, 171.262, 952.045
1711, 583.661, 173.57, 954.659
1712, 586.813, 174.382, 956.521
1713, 587.766, 174.7, 960.135
1714, 586.94, 173.07, 963.409
1715, 583.916, 171.113, 964.453
1716, 583.21, 167.895, 962.661
1717, 580.186, 165.937, 963.704
1718, 576.515, 166.702, 963.71
1719, 573.636, 164.838, 962.194
1720, 570.205, 165.553, 963.529
1721, 566.585, 165.467, 962.555
1722, 565.214, 164.045, 959.367
1723, 563.271, 162.573, 956.518
1724, 562.788, 161.136, 953.087
1725, 562.201, 162.335, 949.583
1726, 561.643, 162.813, 945.906
1727, 562.063, 161.924, 942.287
1728, 563.529, 161.389, 938.877
1729, 562.988, 161.14, 935.175
1730, 563.757, 163.18, 932.124
1731, 562.363, 166.307, 930.593
1732, 559.887, 168.796, 931.913
1733, 559.878, 172.337, 933.146
1734, 561.899, 174.391, 935.546
1735, 562.255, 174.452, 939.278
1736, 563.937, 176.791, 941.678
1737, 564.23, 179.349, 944.404
1738, 562.992, 181.648, 947.096
1739, 561.41, 183.688, 949.816
1740, 561.404, 183.61, 953.565
1741, 561.107, 186.175, 956.285
1742, 561.256, 188.353, 959.334
1743, 558.842, 191.153, 959.965
1744, 556.471, 193.106, 957.814
1745, 555.802, 193.045, 954.125
1746, 555.102, 192.213, 950.535
1747, 555.065, 192.202, 946.786
1748, 556.269, 192.464, 943.244
1749, 559.03, 190.712, 941.408
1750, 560.974, 191.135, 938.23
1751, 561.907, 191.377, 934.606
1752, 564.37, 191.608, 931.787
1753, 564.154, 191.668, 928.044
1754, 565.381, 189.52, 925.225
1755, 565.777, 189.41, 921.498
1756, 567.452, 188.966, 918.172
1757, 568.786, 187.959, 914.815
1758, 570.189, 187.739, 911.345
1759, 573.409, 187.659, 909.424
1760, 576.976, 186.931, 910.323
1761, 579.865, 188.818, 908.856
1762, 580.599, 192.225, 910.241
1763, 583.674, 194.234, 910.999
1764, 586.657, 196.055, 909.639
1765, 590.005, 195.264, 911.131
1766, 593.248, 196.567, 909.772
1767, 594.658, 195.975, 906.348
1768, 596.048, 195.867, 902.867
1769, 594.814, 196.642, 899.412
1770, 595.313, 195.34, 895.93
1771, 593.93, 192.191, 894.436
1772, 591.398, 190.795, 892.047
1773, 590.617, 189.875, 888.497
1774, 590.492, 191.508, 885.124
1775, 591.183, 192.322, 881.529
1776, 589.548, 191.643, 878.223
1777, 586.35, 190.108, 877.006
1778, 583.158, 191.211, 878.637
1779, 580.442, 193.493, 877.421
1780, 579.532, 196.947, 878.563
1781, 579.51, 200.289, 876.863
1782, 580.549, 203.706, 878.005
1783, 767.51, 736.167, 905.942
1784, 771.014, 737.254, 906.718
1785, 771.989, 739.08, 909.844
1786, 774.049, 740.028, 912.831
1787, 775.355, 743.503, 913.36
1788, 778.452, 745.531, 913.961
1789, 781.445, 744.924, 911.786
1790, 784.891, 746.275, 912.388
1791, 786.129, 749.068, 910.212
1792, 784.885, 752.343, 908.875
1793, 783.656, 754.871, 906.392
1794, 783.431, 754.983, 902.651
1795, 785.76, 755.748, 899.814
1796, 787.981, 757.777, 897.574
1797, 789.488, 760.309, 895.255
1798, 790.729, 762.4, 892.4
1799, 789.828, 766.01, 891.929
1800, 789.795, 768.323, 888.977
1801, 788.966, 769.218, 885.431
1802, 786.419, 769.33, 882.681
1803, 785.641, 768.686, 879.07
1804, 785.316, 765.444, 877.213
1805, 787.411, 762.524, 876.14
1806, 790.903, 761.929, 877.371
1807, 793.856, 763.999, 876.341
1808, 794.458, 767.319, 874.704
1809, 796.076, 768.453, 871.517
1810, 797.427, 770.225, 868.5
1811, 800.845, 770.704, 867.035
1812, 803.283, 769.985, 864.278
1813, 806.877, 768.928, 864.105
1814, 808.224, 766.491, 866.617
1815, 808.284, 766.287, 870.361
1816, 806.27, 767.401, 873.321
1817, 803.268, 769.575, 873.894
1818, 800.194, 771.369, 872.715
1819, 797.914, 772.756, 870.081
1820, 797.075, 776.126, 868.665
1821, 794.059, 777.961, 867.399
1822, 792.484, 777.586, 864.017
1823, 792.423, 777.622, 860.267
1824, 791.974, 779.367, 856.978
1825, 792.017, 780.627, 853.447
1826, 793.996, 783.367, 851.823
1827, 797.593, 784.132, 852.557
1828, 800.625, 785.56, 854.239
1829, 801.879, 788.99, 853.386
1830, 804.834, 790.382, 855.229
1831, 808.281, 791.481, 854.242
1832, 811.191, 789.998, 856.085
1833, 814.637, 791.098, 855.099
1834, 816.492, 790.803, 851.853
1835, 819.685, 790.201, 849.981
1836, 821.542, 788.968, 846.965
1837, 822.503, 789.156, 843.345
1838, 824.135, 788.073, 840.148
1839, 827.098, 785.956, 839.252
1840, 829.294, 784.644, 836.51
1841, 831.608, 781.696, 836.36
1842, 834.523, 779.346, 836.164
1843, 836.806, 776.461, 835.439
1844, 839.425, 774.755, 837.512
1845, 840.209, 771.141, 836.894
1846, 841.166, 769.166, 833.853
1847, 840.667, 769.458, 830.148
1848, 839.889, 772.373, 827.921
1849, 841.123, 774.534, 825.115
1850, 844.728, 775.538, 824.871
1851, 847.901, 773.771, 823.937
1852, 851.604, 773.239, 823.672
1853, 853.89, 774.933, 826.115
1854, 857.063, 776.914, 825.85
1855, 858.678, 778.787, 823.031
1856, 860.617, 781.986, 822.766
1857, 861.405, 784.929, 824.952
1858, 861.515, 785.548, 828.649
1859, 860.51, 788.425, 830.835
1860, 860.154, 788.942, 834.532
1861, 861.986, 788.595, 837.785
1862, 861.161, 789.088, 841.41
1863, 860.534, 791.519, 844.196
1864, 244.27, 928.098, 671.438
1865, 243.016, 927.142, 668.036
1866, 243.449, 927.247, 664.312
1867, 242.237, 925.289, 661.352
1868, 242.67, 925.393, 657.628
1869, 241.458, 923.436, 654.668
1870, 242.037, 920.912, 651.956
1871, 245.203, 918.905, 651.849
1872, 247.756, 919.343, 649.137
1873, 249.935, 921.744, 647.253
1874, 250.929, 925.349, 646.983
1875, 250.458, 928.893, 645.849
1876, 249.057, 932.075, 644.445
1877, 250.293, 935.306, 645.892
1878, 253.461, 936.741, 644.487
1879, 256.906, 937.082, 645.928
1880, 260.375, 937.282, 644.517
1881, 262.569, 939.717, 642.695
1882, 265.508, 941.857, 643.614
1883, 265.82, 943.77, 646.824
1884, 265.822, 943.374, 650.553
1885, 265.204, 940.537, 652.925
1886, 263.834, 937.064, 652.569
1887, 264.976, 934.394, 654.942
1888, 263.605, 930.922, 654.586
1889, 262.411, 928.836, 651.708
1890, 262.371, 929.149, 647.971
1891, 262.523, 930.447, 644.456
1892, 262.358, 930.72, 640.72
1893, 262.545, 929.309, 637.25
1894, 260.461, 926.558, 635.784
1895, 260.906, 923.196, 634.185
1896, 261.66, 919.675, 635.233
1897, 263.185, 918.677, 638.511
1898, 262.533, 918.544, 642.201
1899, 259.845, 920.024, 644.357
1900, 256.289, 919.013, 643.733
1901, 253.503, 918.197, 641.358
1902, 251.132, 915.313, 641.711
1903, 250.068, 913.156, 644.588
1904, 246.539, 911.937, 644.941
1905, 245.026, 908.872, 646.483
1906, 241.546, 907.67, 645.77
1907, 239.887, 904.307, 645.765
1908, 237.695, 902.785, 648.399
1909, 236.838, 902.1, 651.985
1910, 238.57, 901.916, 655.306
1911, 241.065, 903.91, 657.272
1912, 241.89, 904.236, 660.916
1913, 241.711, 904.046, 664.657
1914, 243.987, 904.129, 667.636
1915, 243.517, 904.207, 671.356
1916, 241.579, 903.916, 674.553
1917, 242.282, 904.401, 678.204
1918, 245.438, 904.759, 680.198
1919, 246.569, 906.164, 683.486
1920, 245.748, 905.542, 687.092
1921, 245.546, 904.14, 690.565
1922, 246.155, 905.441, 694.029
1923, 245.246, 908.777, 695.482
1924, 242.235, 910.52, 694.083
1925, 241.843, 911.957, 690.642
1926, 242.168, 910.636, 687.148
1927, 241.171, 908.966, 683.941
1928, 241.31, 909.283, 680.207
1929, 240.95, 910.222, 676.595
1930, 241.489, 909.978, 672.892
1931, 244.415, 909.21, 670.675
1932, 248.106, 909.576, 671.227
1933, 250.208, 911.209, 673.869
1934, 252.766, 913.907, 674.36
1935, 256.027, 915.28, 675.602
1936, 256.654, 916.797, 678.974
1937, 256.183, 917.951, 682.511
1938, 254.359, 920.216, 684.878
1939, 254.73, 923.83, 685.807
1940, 254.976, 927.572, 685.79
1941, 253.166, 930.765, 685.019
1942, 254.145, 934.384, 685.082
1943, 256.488, 935.746, 682.49
1944, 260.118, 934.806, 682.554
1945, 921.628, 335.429, 516.587
1946, 920.885, 332.488, 514.382
1947, 920.367, 332.176, 510.681
1948, 921.505, 334.026, 507.624
1949, 920.964, 333.754, 503.923
1950, 919.994, 330.881, 501.718
1951, 920.75, 328.451, 498.964
1952, 920.645, 328.524, 495.216
1953, 920.424, 329.686, 491.657
1954, 917.669, 331.581, 489.959
1955, 917.346, 333.278, 486.631
1956, 916.725, 332.355, 483.05
1957, 913.869, 330.684, 481.286
1958, 910.601, 331.52, 479.649
1959, 907.559, 329.74, 478.368
1960, 905.447, 330.28, 475.316
1961, 905.754, 329.768, 471.614
1962, 905.858, 326.742, 469.401
1963, 905.486, 326.275, 465.699
1964, 905.062, 323.277, 463.487
1965, 903.009, 320.189, 464.043
1966, 899.836, 318.428, 464.986
1967, 897.921, 318.529, 468.209
1968, 895.48, 321.214, 469.152
1969, 891.968, 321.4, 467.849
1970, 889.463, 324.156, 468.284
1971, 889.621, 327.903, 468.284
1972, 887.827, 329.876, 465.647
1973, 887.136, 330.277, 461.984
1974, 889.099, 329.852, 458.817
1975, 888.662, 330.522, 455.153
1976, 889.416, 330.11, 451.503
1977, 892.035, 328.31, 449.512
1978, 893.831, 328.632, 446.236
1979, 896.799, 326.592, 445.191
1980, 900.214, 325.454, 444.138
1981, 902.029, 325.556, 440.859
1982, 902.789, 325.516, 437.187
1983, 901.262, 324.159, 434.041
1984, 900.277, 322.453, 430.851
1985, 900.318, 322.295, 427.104
1986, 902.686, 320.893, 424.556
1987, 903.243, 321.033, 420.85
1988, 906.258, 321.019, 418.62
1989, 906.739, 321.334, 414.915
1990, 905.189, 320.798, 411.542
1991, 904.831, 320.337, 407.838
1992, 904.823, 319.537, 404.174
1993, 904.785, 319.499, 400.425
1994, 902.11, 319.497, 397.796
1995, 898.519, 318.419, 397.809
1996, 895.889, 318.795, 400.456
1997, 895.345, 319.155, 404.149
1998, 892.494, 320.266, 406.316
1999, 889.098, 318.797, 405.704
2000, 885.649, 318.897, 407.173
2001, 883.083, 321.588, 407.658
2002, 879.697, 321.686, 409.268
2003, 877.11, 319.271, 408.031
2004, 877.044, 317.625, 404.661
2005, 876.911, 318.817, 401.108
2006, 876.724, 319.517, 397.429
2007, 878.229, 322.155, 395.229
2008, 878.675, 322.574, 391.53
2009, 877.407, 320.818, 388.469
2010, 877.529, 321.418, 384.769
2011, 878.116, 323.215, 381.531
2012, 877.025, 325.391, 378.678
2013, 877.317, 326.285, 375.048
2014, 876.974, 326.97, 371.377
2015, 875.167, 328.131, 368.303
2016, 871.69, 329.362, 367.627
2017, 868.617, 328.971, 369.741
2018, 868.025, 328.57, 373.422
2019, 866.607, 327.249, 376.633
2020, 864.245, 325.033, 378.524
2021, 860.615, 325.129, 377.591
2022, 858.149, 327.229, 379.482
2023, 854.414, 326.951, 379.659
2024, 852.215, 328.218, 382.42
2025, 851.812, 329.689, 385.846
2026, 117.71, 647.755, 311.777
2027, 116.046, 650.95, 310.733
2028, 112.909, 651.957, 312.524
2029, 111.182, 655.274, 312.238
2030, 112.247, 658.715, 311.195
2031, 112.263, 660.543, 307.921
2032, 114.364, 662.691, 305.678
2033, 117.615, 664.248, 304.643
2034, 121.213, 665.247, 304.295
2035, 123.316, 664.073, 301.421
2036, 125.156, 663.03, 298.324
2037, 124.973, 663.679, 294.635
2038, 124.976, 661.565, 291.538
2039, 125.513, 660.858, 287.895
2040, 123.945, 661.987, 284.681
2041, 121.309, 664.488, 283.754
2042, 117.877, 664.742, 285.243
2043, 114.597, 665.246, 286.99
2044, 111.693, 663.14, 285.899
2045, 108.923, 661.314, 287.647
2046, 106.876, 660.914, 290.764
2047, 107.013, 660.823, 294.51
2048, 109.713, 661.35, 297.058
2049, 112.004, 662.183, 299.908
2050, 114.568, 664.902, 300.219
2051, 118.316, 665.032, 300.194
2052, 120.262, 663.237, 297.539
2053, 120.815, 660.088, 295.579
2054, 122.743, 656.987, 296.435
2055, 121.932, 653.424, 295.594
2056, 123.598, 650.745, 293.565
2057, 124.342, 649.769, 290.021
2058, 123.91, 646.432, 288.366
2059, 124.654, 645.456, 284.822
2060, 123.407, 645.631, 281.29
2061, 120.697, 643.612, 279.665
2062, 119.724, 642.811, 276.133
2063, 116.568, 643.1, 274.129
2064, 113.814, 643.356, 271.597
2065, 110.932, 644.064, 269.305
2066, 107.737, 642.154, 269.762
2067, 106.959, 639.128, 267.688
2068, 103.8, 637.24, 268.412
2069, 102.512, 635.572, 271.514
2070, 99.0173, 635.105, 272.79
2071, 95.3943, 634.897, 271.845
2072, 92.7487, 632.741, 273.399
2073, 92.1722, 629.269, 272.103
2074, 92.9051, 625.893, 270.644
2075, 91.093, 623.042, 269.016
2076, 91.33, 621.808, 265.483
2077, 89.4498, 619.001, 263.855
2078, 85.7784, 618.255, 264.017
2079, 82.8744, 619.54, 262.022
2080, 80.1345, 618.498, 259.684
2081, 77.2903, 616.073, 259.38
2082, 76.9997, 612.652, 260.888
2083, 76.6095, 609.405, 262.724
2084, 73.6835, 607.081, 262.407
2085, 73.3777, 604.537, 259.669
2086, 73.3141, 604.619, 255.92
2087, 71.587, 606.708, 253.329
2088, 71.435, 608.101, 249.85
2089, 72.5605, 607.187, 246.392
2090, 72.3697, 607.228, 242.647
2091, 72.4976, 607.283, 238.9
2092, 75.0406, 606.278, 236.333
2093, 76.6584, 602.896, 236.432
2094, 78.8015, 601.198, 233.866
2095, 79.9603, 598.171, 231.979
2096, 80.8504, 597.768, 228.359
2097, 80.7488, 598.034, 224.619
2098, 80.4765, 599.022, 221.012
2099, 81.7607, 602.025, 219.169
2100, 85.2157, 603.432, 219.552
2101, 88.2328, 602.18, 221.394
2102, 89.2401, 601.981, 225.001
2103, 90.0909, 600.725, 228.43
2104, 90.8231, 599.359, 231.845
2105, 90.3325, 600.562, 235.363
2106, 91.2302, 599.297, 238.777
2107, 159.154, 955.412, 324.778
2108, 158.822, 956.95, 328.182
2109, 157.139, 958.049, 331.348
2110, 155.533, 961.039, 332.941
2111, 152.102, 962.093, 334.029
2112, 148.843, 961.48, 332.279
2113, 145.743, 963.575, 332.536
2114, 143.563, 965.951, 330.622
2115, 141.063, 966.072, 327.829
2116, 141.241, 966.12, 324.084
2117, 138.941, 965.133, 321.291
2118, 139.056, 965.277, 317.546
2119, 140.063, 967.852, 315.013
2120, 140.701, 968.205, 311.334
2121, 141.584, 971.182, 309.232
2122, 141.828, 972.805, 305.86
2123, 141.235, 971.757, 302.309
2124, 140.88, 973.064, 298.812
2125, 141.076, 971.579, 295.374
2126, 142.287, 969.748, 292.333
2127, 144.128, 966.657, 291.275
2128, 146.042, 963.967, 293.052
2129, 145.463, 960.416, 291.994
2130, 146.515, 958.939, 288.711
2131, 146.808, 956.126, 286.249
2132, 148.861, 954.441, 283.602
2133, 150.235, 953.762, 280.179
2134, 152.528, 953.484, 277.225
2135, 152.183, 953.217, 273.501
2136, 151.274, 953.124, 269.864
2137, 152.759, 951.927, 266.635
2138, 153.557, 949.235, 264.15
2139, 152.145, 946.193, 262.473
2140, 151.71, 942.554, 261.678
2141, 149.644, 940.911, 259.014
2142, 146.202, 939.435, 258.819
2143, 143.184, 939.165, 261.028
2144, 142.322, 938.31, 264.576
2145, 142.324, 938.609, 268.314
2146, 143.063, 937.848, 271.91
2147, 143.634, 934.614, 273.722
2148, 143.03, 933.742, 277.319
2149, 142.677, 932.918, 280.96
2150, 141.973, 934.707, 284.179
2151, 141.793, 935.141, 287.9
2152, 141.504, 933.796, 291.388
2153, 140.348, 932.349, 294.649
2154, 140.324, 931.96, 298.378
2155, 141.287, 929.224, 300.755
2156, 143.294, 926.449, 302.284
2157, 143.93, 922.872, 301.356
2158, 142.834, 921.283, 298.141
2159, 139.264, 920.608, 297.213
2160, 136.111, 919.88, 299.109
2161, 132.819, 918.917, 300.625
2162, 130.73, 917.913, 303.573
2163, 127.421, 918.939, 305.008
2164, 124.451, 919.537, 307.217
2165, 124.006, 920.198, 310.882
2166, 124.128, 920.845, 314.573
2167, 122.375, 919.637, 317.661
2168, 121.919, 919.719, 321.382
2169, 124.198, 919.513, 324.353
2170, 123.837, 919.222, 328.075
2171, 123.492, 918.906, 331.795
2172, 121.78, 918.971, 335.131
2173, 122.611, 919.733, 338.707
2174, 120.899, 919.798, 342.043
2175, 119.493, 920.897, 345.341
2176, 116.286, 922.508, 346.43
2177, 113.269, 922.2, 348.635
2178, 112.685, 922.363, 352.336
2179, 110.756, 924.703, 354.541
2180, 108.533, 927.723, 354.544
2181, 108.218, 931.377, 353.762
2182, 108.231, 934.873, 355.119
2183, 108.359, 938.31, 353.625
2184, 110.337, 940.49, 351.302
2185, 110.301, 941.338, 347.65
2186, 110.127, 944.506, 345.65
2187, 108.286, 947.671, 346.46
2188, 146.428, 886.685, 87.0083
2189, 148.65, 888.847, 89.1179
2190, 148.674, 890.116, 92.6465
2191, 148.538, 892.776, 95.2869
2192, 148.562, 892.803, 99.0368
2193, 148.695, 890.194, 101.728
2194, 148.472, 886.452, 101.805
2195, 146.529, 884.708, 104.496
2196, 146.321, 881.228, 105.879
2197, 145.201, 880.223, 109.314
2198, 141.824, 879.36, 110.697
2199, 140.723, 878.334, 114.131
2200, 140.641, 876.321, 117.294
2201, 138.067, 873.723, 118.126
2202, 134.883, 873.692, 116.146
2203, 133.734, 873.998, 112.589
2204, 135.26, 874.014, 109.164
2205, 137.718, 876.497, 107.802
2206, 139.906, 876.52, 104.757
2207, 139.322, 876.469, 101.053
2208, 138.312, 876.086, 97.4619
2209, 135.076, 875.47, 95.6689
2210, 134.464, 874.58, 92.0779
2211, 132.562, 871.891, 90.285
2212, 132.051, 870.095, 87.033
2213, 132.679, 870.82, 83.4078
2214, 132.454, 869.44, 79.9284
2215, 132.8, 869.874, 76.2197
2216, 132.572, 871.993, 73.1339
2217, 132.242, 875.663, 72.4387
2218, 129.592, 877.987, 71.1596
2219, 129.363, 881.2, 69.2395
2220, 127.044, 884.006, 70.1398
2221, 123.803, 885.145, 68.6356
2222, 120.99, 887.497, 69.4216
2223, 118.104, 888.781, 67.4017
2224, 116.77, 892.196, 66.6129
2225, 115.543, 894.643, 64.0494
2226, 115.497, 894.778, 60.3021
2227, 113.422, 896.562, 57.7386
2228, 111.564, 899.818, 57.841
2229, 110.817, 903.072, 56.1334
2230, 108.641, 905.342, 54.0909
2231, 105.881, 906.419, 51.7916
2232, 104.366, 909.82, 52.2403
2233, 101.606, 910.896, 49.9409
2234, 98.1644, 909.407, 49.9512
2235, 95.5004, 907.37, 48.2734
2236, 95.3348, 906.177, 44.722
2237, 93.4362, 903.413, 43.0441
2238, 93.6496, 902.228, 39.4927
2239, 93.4875, 902.341, 35.748
2240, 92.8367, 903.623, 32.2842
2241, 93.6141, 906.992, 30.8324
2242, 93.6862, 910.71, 31.3165
2243, 95.6944, 912.917, 29.0454
2244, 97.5279, 915.713, 27.3485
2245, 101.109, 916.479, 26.5426
2246, 104.608, 916.239, 25.2151
2247, 108.187, 916.502, 24.1243
2248, 110.368, 917.854, 21.3901
2249, 113.667, 918.753, 19.8503
2250, 116.853, 916.954, 20.6719
2251, 119.479, 915.142, 22.6428
2252, 123.077, 915.781, 21.8004
2253, 124.972, 918.464, 19.9911
2254, 124.579, 922.189, 19.8176
2255, 122.238, 924.105, 22.0334
2256, 121.786, 924.637, 25.718
2257, 121.627, 922.548, 28.828
2258, 121.25, 922.221, 32.5446
2259, 121.057, 919.695, 35.31
2260, 121.087, 919.836, 39.0572
2261, 121.541, 922.536, 41.6197
2262, 121.458, 922.654, 45.367
2263, 120.694, 924.815, 48.3349
2264, 122.081, 928.263, 48.8329
2265, 124.842, 930.056, 50.629
2266, 128.395, 930.658, 49.5907
2267, 129.745, 932.537, 46.6394
2268, 132.302, 932.97, 43.9315
2269, 861.66, 334.758, 82.3389
2270, 861.643, 335.174, 78.6122
2271, 863.341, 333.586, 75.6697
2272, 866.539, 331.898, 74.6738
2273, 869.839, 332.899, 76.1462
2274, 873.418, 333.882, 76.683
2275, 875.257, 337.073, 75.9798
2276, 876.672, 340.453, 75.1812
2277, 877.147, 343.583, 77.1903
2278, 875.361, 346.036, 79.3938
2279, 873.125, 348.993, 78.8264
2280, 873.295, 352.734, 79.0221
2281, 874.979, 354.984, 81.5045
2282, 877.666, 355.384, 84.0894
2283, 877.734, 355.475, 87.8377
2284, 875.653, 353.992, 90.5822
2285, 874.168, 351.467, 92.9233
2286, 871.09, 350.651, 94.9035
2287, 868.129, 352.35, 96.457
2288, 867.191, 355.741, 95.1612
2289, 867.951, 357.274, 91.8244
2290, 868.269, 357.422, 88.0908
2291, 871.129, 357.126, 85.6831
2292, 871.547, 357.463, 81.9717
2293, 872.59, 358.695, 78.5869
2294, 876.072, 359.266, 77.316
2295, 878.599, 361.787, 78.4663
2296, 881.772, 363.477, 79.5333
2297, 884.939, 362.531, 77.7635
2298, 887.873, 360.199, 77.9069
2299, 891.321, 358.81, 78.3977
2300, 892.233, 356.701, 81.3613
2301, 895.011, 354.944, 83.1652
2302, 895.822, 351.43, 82.1357
2303, 898.737, 349.197, 81.3717
2304, 901.121, 347.143, 83.4106
2305, 904.861, 347.402, 83.4997
2306, 907.314, 350.188, 82.9699
2307, 909.575, 350.344, 79.9825
2308, 911.257, 352.254, 77.2277
2309, 911.128, 352.245, 73.4799
2310, 908.402, 352.309, 70.9059
2311, 905.263, 354.36, 70.994
2312, 902.794, 355.185, 73.6932
2313, 901.873, 354.772, 77.3047
2314, 899.108, 355.81, 79.6155
2315, 898.909, 356.241, 83.3353
2316, 899.036, 356.011, 87.0761
2317, 899.71, 358.359, 89.9205
2318, 899.851, 359.121, 93.5895
2319, 900.568, 362.17, 95.6529
2320, 903.156, 364.666, 96.7151
2321, 903.243, 368.367, 96.1146
2322, 905.359, 370.407, 93.7856
2323, 907.381, 373.538, 94.1969
2324, 909.908, 376.123, 93.2004
2325, 913.416, 377.442, 93.0649
2326, 915.935, 376.315, 95.6042
2327, 918.795, 377.345, 97.8004
2328, 922.417, 376.447, 97.4293
2329, 925.126, 376.226, 94.8458
2330, 928.549, 374.799, 94.2939
2331, 929.764, 371.893, 92.2585
2332, 932.009, 370.64, 89.529
2333, 935.617, 371.644, 89.3315
2334, 938.018, 372.42, 86.5574
2335, 937.878, 372.491, 82.8107
2336, 935.355, 373.578, 80.2576
2337, 935.234, 373.678, 76.5109
2338, 934.85, 373.695, 72.7807
2339, 937.056, 372.885, 69.8581
2340, 938.203, 370.442, 67.2549
2341, 937.888, 366.706, 67.3025
2342, 936.791, 364.24, 64.6993
2343, 936.539, 363.339, 61.0678
2344, 935.621, 364.989, 57.8283
2345, 936.114, 364.195, 54.1968
2346, 936.92, 363.504, 50.6002
2347, 935.146, 363.466, 47.2968
2348, 934.499, 363.006, 43.6317
2349, 936.132, 362.739, 40.2665
2350, 374.371, 879.696, 609.668
2351, 370.788, 880.782, 609.442
2352, 367.473, 879.033, 609.354
2353, 364.772, 878.661, 611.929
2354, 364.685, 878.566, 615.676
2355, 361.962, 878.424, 618.251
2356, 359.902, 876.163, 620.42
2357, 356.275, 875.433, 619.811
2358, 353.718, 877.112, 621.98
2359, 351.866, 880.316, 621.37
2360, 350.977, 882.33, 618.335
2361, 350.774, 881.798, 614.629
2362, 349.885, 883.813, 611.593
2363, 350.013, 885.533, 608.263
2364, 349.523, 886.108, 604.59
2365, 351.231, 884.983, 601.447
2366, 354.824, 885.703, 600.652
2367, 357.98, 885.469, 602.663
2368, 361.233, 883.679, 603.193
2369, 363.413, 884.299, 606.181
2370, 365.016, 887.139, 608.033
2371, 364.749, 888.118, 611.643
2372, 366.352, 890.958, 613.495
2373, 369.467, 893.025, 613.207
2374, 371.877, 892.552, 610.374
2375, 375.489, 893.378, 609.797
2376, 377.14, 895.978, 611.936
2377, 378.058, 899.557, 611.29
2378, 381.209, 901.445, 612.041
2379, 383.661, 904.268, 611.748
2380, 386.185, 904.459, 608.982
2381, 386.074, 904.553, 605.235
2382, 386.841, 904.612, 601.564
2383, 386.415, 904.974, 597.856
2384, 386.606, 902.772, 594.827
2385, 386.347, 903.269, 591.119
2386, 386.272, 901.661, 587.732
2387, 388.633, 899.041, 586.456
2388, 389.284, 897.569, 583.069
2389, 389.114, 897.636, 579.324
2390, 387.368, 896.89, 576.09
2391, 388.265, 896.668, 572.456
2392, 389.939, 893.926, 570.522
2393, 390.11, 890.286, 571.407
2394, 392.792, 887.818, 572.29
2395, 392.884, 885.85, 575.481
2396, 390.445, 883.142, 576.364
2397, 387.163, 882.952, 574.56
2398, 384.421, 881.302, 572.605
2399, 380.852, 882.069, 573.466
2400, 377.224, 881.347, 572.855
2401, 375.51, 878.812, 575.023
2402, 374.141, 875.851, 576.872
2403, 374.488, 874.894, 580.482
2404, 374.055, 871.661, 582.332
2405, 374.934, 869.624, 585.355
2406, 375.71, 866.003, 585.945
2407, 374.089, 862.75, 586.868
2408, 371.807, 859.826, 587.425
2409, 370.563, 856.888, 589.394
2410, 367.183, 855.498, 588.549
2411, 364.221, 856.685, 590.519
2412, 361.997, 859.584, 589.674
2413, 362.386, 862.66, 587.566
2414, 365.288, 864.936, 588.248
2415, 368.277, 864.591, 590.484
2416, 371.966, 863.993, 590.169
2417, 374.133, 861.02, 590.895
2418, 377.071, 858.689, 590.876
2419, 380.573, 859.074, 592.163
2420, 383.433, 856.805, 591.306
2421, 383.716, 854.459, 588.395
2422, 383.425, 850.743, 587.986
2423, 383.562, 847.366, 586.362
2424, 385.716, 844.858, 584.592
2425, 387.4, 844.721, 581.244
2426, 388.732, 843.946, 577.825
2427, 388.275, 843.831, 574.105
2428, 389.453, 845.785, 571.129
2429, 389.494, 845.839, 567.38
2430, 389.297, 845.095, 563.709
