1, 426.801, 94.6684, 258.797
2, 427.116, 94.4131, 255.069
3, 427.063, 94.4078, 251.319
4, 424.906, 93.4774, 248.396
5, 423.549, 90.1195, 247.424
6, 421.567, 89.2658, 244.357
7, 421.663, 89.2592, 240.608
8, 421.119, 89.6245, 236.916
9, 418.137, 90.3197, 234.752
10, 416.166, 93.4503, 235.367
11, 416.033, 96.686, 233.477
12, 415.026, 97.7314, 230.019
13, 412.884, 100.307, 228.334
14, 409.152, 100.67, 228.387
15, 406.187, 102.955, 228.622
16, 403.79, 103.646, 231.421
17, 400.053, 103.433, 231.656
18, 397.735, 105.478, 229.532
19, 394.23, 105.278, 228.217
20, 393.177, 104.111, 224.811
21, 389.766, 103.916, 223.267
22, 388.866, 102.919, 219.766
23, 389.024, 99.5053, 218.221
24, 389.203, 98.1741, 214.72
25, 389.755, 99.5768, 211.286
26, 392.27, 100.686, 208.735
27, 392.428, 100.714, 204.989
28, 394.778, 99.8388, 202.201
29, 395.926, 100.356, 198.668
30, 395.707, 99.7869, 194.968
31, 397.228, 100.472, 191.61
32, 397.998, 100.185, 187.951
33, 399.919, 99.2759, 184.861
34, 399.74, 99.331, 181.116
35, 398.726, 98.8013, 177.545
36, 396.559, 96.3213, 175.752
37, 394.318, 93.4829, 174.76
38, 392.062, 91.3104, 172.697
39, 391.88, 89.6998, 169.316
40, 391.763, 89.6027, 165.569
41, 392.043, 91.3769, 162.277
42, 392.649, 90.5339, 158.673
43, 394.021, 89.3229, 155.4
44, 397.126, 88.629, 153.415
45, 397.593, 87.9005, 149.766
46, 397.852, 87.1796, 146.095
47, 397.475, 88.8927, 142.781
48, 396.896, 87.9763, 139.191
49, 393.686, 87.2334, 137.401
50, 390.416, 85.7244, 138.446
51, 389.775, 84.0151, 141.722
52, 390.689, 84.4367, 145.335
53, 393.75, 83.3275, 147.195
54, 397.379, 82.5242, 146.695
55, 399.799, 81.7872, 143.928
56, 399.729, 81.917, 140.181
57, 399.503, 82.418, 136.471
58, 398.951, 80.9345, 133.071
59, 399.82, 81.7574, 129.518
60, 401.171, 84.8236, 127.833
61, 402.16, 85.9665, 124.401
62, 404.765, 87.1076, 121.957
63, 405.883, 86.6776, 118.404
64, 407.181, 86.2602, 114.91
65, 407.929, 85.8497, 111.259
66, 410.215, 83.6471, 109.262
67, 413.872, 83.49, 110.075
68, 415.568, 84.6072, 113.228
69, 416.324, 88.189, 114.041
70, 418.621, 90.3799, 112.045
71, 418.727, 94.0392, 112.858
72, 420.197, 95.4407, 116.01
73, 423.857, 95.374, 116.824
74, 426.064, 93.1093, 118.839
75, 426.849, 92.8383, 122.496
76, 428.137, 92.5156, 126.003
77, 429.949, 92.6203, 129.285
78, 432.376, 92.6708, 132.143
79, 434.935, 90.2422, 133.413
80, 436.331, 89.4299, 136.798
81, 435.892, 90.5817, 140.34
82, 608.02, 102.512, 984.436
83, 608.1, 100.326, 981.39
84, 607.934, 96.6324, 980.762
85, 605.19, 94.0977, 980.433
86, 603.235, 92.6644, 977.571
87, 602.475, 92.4672, 973.905
88, 604.021, 93.3721, 970.61
89, 603.654, 93.2174, 966.882
90, 600.957, 94.2984, 964.511
91, 598.705, 93.3494, 961.667
92, 598.805, 93.5924, 957.926
93, 599.497, 96.324, 955.451
94, 601.117, 98.7357, 953.08
95, 600.477, 102.089, 951.529
96, 598.024, 103.775, 949.247
97, 597.928, 104.277, 945.532
98, 595.844, 106.077, 942.987
99, 595.672, 108.264, 939.945
100, 596.111, 107.885, 936.24
101, 596.053, 108.618, 932.563
102, 594.412, 110.034, 929.503
103, 595.022, 110.076, 925.803
104, 593.146, 111.124, 922.73
105, 591.842, 112.885, 919.687
106, 591.065, 114.898, 916.62
107, 592.227, 117.565, 914.253
108, 592.88, 121.247, 913.982
109, 593.329, 124.062, 916.419
110, 592.264, 127.647, 916.147
111, 593.856, 130.625, 917.778
112, 592.796, 134.192, 918.239
113, 593.042, 137.848, 917.445
114, 595.261, 140.864, 917.228
115, 597.74, 141.255, 914.442
116, 600.779, 139.068, 914.226
117, 603.692, 138.757, 911.885
118, 606.571, 139.613, 909.64
119, 608.355, 142.864, 909.077
120, 608.236, 145.1, 906.069
121, 610.168, 147.272, 903.7
122, 610.911, 150.93, 904.06
123, 612.723, 153.382, 901.876
124, 615.273, 156.067, 902.467
125, 617.495, 156.494, 905.457
126, 617.521, 156.525, 909.207
127, 619.033, 156.826, 912.626
128, 621.861, 154.962, 914.235
129, 623.741, 154.314, 917.415
130, 624.148, 153.49, 921.05
131, 624.575, 154.774, 924.548
132, 625.238, 153.431, 927.986
133, 624.012, 153.854, 931.504
134, 621.705, 156.347, 933.093
135, 618.165, 157.101, 934.075
136, 616.107, 160.236, 934.076
137, 613.499, 160.791, 931.44
138, 610.342, 158.767, 931.441
139, 606.665, 158.863, 932.172
140, 604.499, 161.12, 930.104
141, 602.881, 162.892, 927.222
142, 599.153, 163.082, 926.861
143, 596.509, 161.873, 929.229
144, 596.118, 161.965, 932.957
145, 595.089, 161.463, 936.528
146, 596.786, 161.458, 939.872
147, 599.308, 158.948, 941.056
148, 602.872, 158.066, 940.294
149, 605.177, 155.845, 942.248
150, 608.919, 155.894, 942.014
151, 610.716, 154.161, 939.215
152, 614.065, 154.205, 937.528
153, 615.426, 154.084, 934.036
154, 618.066, 156.268, 932.514
155, 618.525, 159.138, 930.143
156, 618.292, 159.463, 926.415
157, 617.983, 159.812, 922.694
158, 618.72, 159.498, 919.03
159, 621.645, 160.655, 916.99
160, 624.346, 161.638, 914.581
161, 627.877, 160.414, 914.89
162, 630.363, 158.972, 912.481
163, 267.922, 943.327, 718.772
164, 268.328, 943.747, 722.476
165, 268.353, 941.557, 725.52
166, 268.759, 941.977, 729.225
167, 271.778, 942.043, 731.447
168, 273.978, 944.317, 733.46
169, 277.053, 944.384, 735.606
170, 277.753, 945.107, 739.218
171, 277.497, 944.444, 742.9
172, 277.888, 943.552, 746.522
173, 278.445, 942.648, 750.118
174, 281.198, 940.855, 751.927
175, 281.699, 938.545, 754.839
176, 279.698, 935.4, 755.246
177, 280.321, 932.53, 752.915
178, 282.485, 930.949, 750.292
179, 282.802, 928.985, 747.113
180, 282.246, 929.589, 743.454
181, 284.179, 929.117, 740.276
182, 283.749, 929.817, 736.617
183, 282.332, 931.08, 733.383
184, 282.995, 930.436, 729.748
185, 283.062, 927.223, 727.815
186, 282.701, 926.372, 724.181
187, 280.016, 925.269, 721.806
188, 279.693, 925.047, 718.076
189, 279.849, 925.143, 714.331
190, 282.544, 924.527, 711.797
191, 284.553, 921.364, 711.94
192, 285.327, 918.92, 714.677
193, 287.167, 915.656, 714.82
194, 288.253, 912.607, 716.714
195, 288.02, 910.378, 719.72
196, 287.633, 908.117, 722.687
197, 287.371, 908.491, 726.409
198, 287.428, 908.958, 730.13
199, 286.63, 911.799, 732.443
200, 286.608, 912.269, 736.164
201, 284.984, 914.47, 738.73
202, 281.399, 915.57, 738.739
203, 278.609, 914.11, 740.776
204, 277.494, 910.613, 740.009
205, 279.105, 907.453, 738.791
206, 281.58, 905.155, 740.42
207, 282.566, 903.781, 743.767
208, 282.174, 903.848, 747.496
209, 283.827, 905.007, 750.657
210, 284.869, 905.363, 754.241
211, 283.132, 905.323, 757.564
212, 281.338, 907.018, 760.387
213, 281.034, 907.643, 764.072
214, 278.725, 909.69, 766.203
215, 275.806, 911.951, 765.548
216, 273.259, 914.278, 767.019
217, 269.775, 914.139, 765.64
218, 266.439, 913.26, 767.111
219, 263.713, 910.905, 768.152
220, 263.437, 907.378, 769.395
221, 262.303, 906.192, 772.767
222, 262.321, 905.137, 776.366
223, 263.552, 906.424, 779.666
224, 266.792, 907.963, 780.76
225, 268.472, 907.375, 784.06
226, 267.519, 906.923, 787.659
227, 264.622, 906.326, 789.964
228, 262.557, 903.228, 789.523
229, 259.025, 902.501, 790.554
230, 255.796, 902.762, 792.443
231, 255.051, 902.134, 796.064
232, 256.689, 903.002, 799.324
233, 259.526, 905.236, 800.338
234, 259.964, 908.762, 799.138
235, 259.561, 912.455, 799.649
236, 258.535, 915.382, 797.541
237, 257.198, 918.74, 796.543
238, 255.35, 921.888, 797.403
239, 252.907, 923.954, 795.447
240, 249.268, 924.242, 796.307
241, 245.633, 923.646, 797.009
242, 243.095, 925.447, 794.917
243, 241.816, 926.454, 791.539
244, 204.627, 197.729, 192.907
245, 205.753, 201.162, 193.913
246, 208.914, 202.782, 192.711
247, 212.391, 201.949, 193.842
248, 214.002, 202.623, 197.161
249, 214.106, 202.673, 200.909
250, 216.796, 203.059, 203.493
251, 218.787, 203.782, 206.587
252, 221.796, 203.013, 208.688
253, 223.944, 204.271, 211.493
254, 226.587, 203.596, 214.066
255, 230.16, 204.73, 213.977
256, 232.761, 204.829, 211.278
257, 232.714, 204.837, 207.528
258, 234.487, 202.932, 204.828
259, 234.453, 202.966, 201.079
260, 232.752, 202.96, 197.737
261, 231.662, 203.717, 194.229
262, 228.303, 203.131, 192.669
263, 226.102, 200.382, 193.958
264, 222.715, 199.988, 192.398
265, 221.466, 199.539, 188.891
266, 220.784, 199.361, 185.208
267, 222.863, 199.162, 182.094
268, 226.142, 200.823, 181.349
269, 229.429, 199.765, 182.812
270, 231.036, 196.674, 181.423
271, 231.4, 195.219, 177.986
272, 232.823, 193.1, 175.239
273, 235.716, 192.052, 173.096
274, 238.191, 189.237, 173.221
275, 240.938, 189.046, 175.767
276, 241.091, 189.11, 179.513
277, 240.234, 189.079, 183.164
278, 241.674, 187.753, 186.362
279, 243.607, 185.9, 188.988
280, 243.78, 184.951, 192.612
281, 245.108, 184.023, 195.994
282, 246.72, 184.3, 199.368
283, 249.655, 182.327, 200.617
284, 250.369, 178.781, 199.626
285, 253.476, 176.692, 199.827
286, 254.029, 173.943, 197.336
287, 254.229, 173.807, 193.594
288, 254.011, 174.349, 189.89
289, 253.163, 172.331, 186.846
290, 252.236, 170.83, 183.537
291, 252.62, 167.269, 182.425
292, 251.634, 164.364, 180.269
293, 251.774, 162.985, 176.785
294, 250.834, 161.324, 173.557
295, 250.833, 161.324, 169.807
296, 250.7, 163.957, 167.14
297, 250.699, 163.956, 163.39
298, 250.804, 161.895, 160.259
299, 249.191, 160.092, 157.394
300, 248.37, 156.448, 157.058
301, 249.671, 154.365, 154.224
302, 249.562, 154.587, 150.482
303, 251.274, 153.24, 147.429
304, 251.691, 151.547, 144.11
305, 253.411, 148.636, 142.487
306, 254.632, 148.315, 138.956
307, 257.949, 148.971, 137.334
308, 259.641, 151.468, 135.106
309, 258.959, 155.12, 134.595
310, 256.493, 156.83, 136.845
311, 255.886, 160.085, 138.604
312, 253.291, 162.629, 137.678
313, 253.262, 164.561, 134.465
314, 250.667, 167.106, 133.539
315, 249.382, 170.192, 131.84
316, 245.962, 171.622, 131.275
317, 244.531, 175.059, 130.82
318, 242.009, 176.621, 133.113
319, 240.303, 179.93, 132.658
320, 240.999, 182.148, 129.716
321, 239.294, 185.457, 129.26
322, 237.082, 186.177, 126.318
323, 237.273, 185.808, 122.591
324, 236.954, 183.614, 119.567
325, 262.947, 175.481, 625.294
326, 262.037, 177.035, 628.583
327, 258.77, 178.53, 629.655
328, 255.921, 180.212, 627.89
329, 253.711, 183.046, 628.962
330, 253.923, 184.835, 632.251
331, 252.934, 186.196, 635.602
332, 251.925, 189.603, 636.802
333, 251.788, 192.969, 635.155
334, 249.556, 195.941, 634.657
335, 248.047, 198.397, 632.258
336, 244.418, 199.285, 632.58
337, 241.757, 198.292, 635.028
338, 239.432, 195.463, 635.838
339, 237.576, 194.632, 638.988
340, 237.558, 194.616, 642.738
341, 236.403, 192.722, 645.762
342, 236.421, 193.271, 649.471
343, 235.889, 191.855, 652.903
344, 235.976, 191.659, 656.646
345, 235.72, 192.106, 660.361
346, 235.672, 192.155, 664.11
347, 232.987, 192.197, 666.728
348, 231.22, 191.754, 670.005
349, 230.389, 191.462, 673.651
350, 230.276, 191.229, 677.392
351, 230.987, 191.499, 681.064
352, 232.126, 193.997, 683.618
353, 231.465, 195.797, 686.841
354, 231.63, 199.16, 688.493
355, 234.146, 201.465, 690.049
356, 236.939, 202.107, 692.467
357, 237.23, 202.278, 696.202
358, 234.856, 202.03, 699.094
359, 234.142, 201.159, 702.671
360, 234.539, 202.827, 706.006
361, 233.775, 202, 709.583
362, 234.338, 203.62, 712.917
363, 234.823, 202.603, 716.494
364, 233.536, 203.067, 719.986
365, 234.881, 203.691, 723.43
366, 236.3, 204.294, 726.849
367, 238.978, 205.082, 729.352
368, 241.396, 204.193, 732.078
369, 244.379, 205.553, 733.897
370, 245.662, 208.928, 732.885
371, 249.043, 210.47, 733.387
372, 252.391, 210.318, 735.069
373, 255.358, 212.516, 735.724
374, 255.829, 215.566, 733.593
375, 258.382, 218.286, 733.966
376, 259.145, 220.552, 736.856
377, 257.821, 224.041, 737.229
378, 258.018, 227.766, 737.615
379, 259.779, 229.367, 740.513
380, 262.438, 231.982, 740.9
381, 264.453, 235.106, 741.396
382, 264.766, 238.081, 739.135
383, 264.788, 238.616, 735.423
384, 263.155, 237.099, 732.408
385, 262.459, 236.249, 728.822
386, 259.175, 235.904, 727.046
387, 258.128, 235.57, 723.461
388, 256.605, 236.346, 720.123
389, 253.211, 235.263, 718.952
390, 251.004, 232.735, 720.626
391, 248.889, 232.031, 723.641
392, 247.87, 232.535, 727.215
393, 246.788, 235.675, 728.956
394, 248.32, 238.862, 730.205
395, 247.787, 240.408, 733.579
396, 247.162, 240.717, 737.264
397, 246.166, 240.386, 740.864
398, 247.763, 241.188, 744.161
399, 247.042, 240.426, 747.761
400, 244.386, 240.339, 750.407
401, 240.73, 241.176, 750.419
402, 238.472, 239.776, 753.065
403, 235.822, 240.382, 755.649
404, 232.635, 238.407, 755.573
405, 231.772, 235.941, 752.883
406, 112.613, 860.958, 417.92
407, 112.68, 857.21, 418.021
408, 114.537, 855.398, 420.729
409, 114.48, 855.417, 424.479
410, 114.889, 855.62, 428.201
411, 114.143, 853.452, 431.168
412, 114.553, 853.654, 434.89
413, 114.436, 853.441, 438.632
414, 114.909, 854.905, 442.052
415, 113.331, 858.028, 443.401
416, 111.171, 860.796, 442.084
417, 107.715, 862.116, 442.703
418, 104.638, 862.92, 444.689
419, 103.889, 862.487, 448.338
420, 104.666, 862.812, 451.992
421, 106.517, 864.96, 454.447
422, 110.081, 866.098, 454.199
423, 113.412, 864.401, 454.496
424, 116.143, 865.273, 452.078
425, 119.474, 863.577, 452.376
426, 121.098, 861.444, 454.998
427, 124.812, 860.921, 454.977
428, 127.786, 863.136, 454.421
429, 131.515, 863.522, 454.321
430, 134.024, 864.612, 456.886
431, 135.418, 868.092, 456.785
432, 138.78, 869.552, 455.993
433, 140.822, 869.395, 452.852
434, 140.195, 869.812, 449.178
435, 139.562, 872.866, 447.096
436, 141.488, 875.834, 445.854
437, 140.789, 879.211, 447.325
438, 137.775, 881.322, 446.6
439, 135.374, 884.2, 446.486
440, 134.585, 886.724, 443.827
441, 131.938, 889.38, 443.796
442, 129.294, 889.398, 441.137
443, 126.288, 890.81, 439.395
444, 124.43, 894.006, 440.023
445, 120.849, 895.116, 440.121
446, 117.462, 893.507, 440.117
447, 115.617, 891.176, 437.831
448, 113.564, 888.081, 437.315
449, 110.394, 886.203, 436.617
450, 108.329, 886.72, 433.53
451, 106.331, 885.537, 430.585
452, 106.681, 885.769, 426.859
453, 107.9, 886.207, 423.34
454, 107.229, 884.804, 419.927
455, 108.413, 885.329, 416.408
456, 107.446, 884.111, 412.995
457, 105.003, 881.597, 411.663
458, 105.034, 878.168, 413.181
459, 103.084, 875.055, 413.936
460, 103.826, 871.75, 412.328
461, 103.713, 868.075, 413.064
462, 101.463, 865.237, 412.09
463, 97.9165, 864.808, 410.951
464, 96.8366, 863.445, 407.628
465, 94.3025, 861.956, 405.299
466, 90.6974, 861.009, 405.711
467, 87.2038, 859.746, 406.222
468, 85.1328, 860.703, 409.199
469, 81.6392, 859.44, 409.71
470, 78.9156, 860.699, 407.46
471, 77.3744, 864.079, 407.971
472, 78.5339, 867.234, 409.634
473, 78.3942, 870.977, 409.804
474, 80.8475, 873.65, 410.753
475, 82.7104, 874.077, 413.98
476, 82.4799, 873.749, 417.708
477, 82.0905, 876.054, 420.641
478, 82.3841, 875.781, 424.369
479, 80.5981, 875.725, 427.666
480, 77.9692, 878.168, 428.753
481, 74.5118, 878.12, 427.302
482, 73.4757, 879.116, 423.838
483, 70.0199, 879.23, 422.387
484, 67.032, 881.495, 422.333
485, 64.7469, 882.793, 419.658
486, 63.7361, 886.384, 419.278
487, 643.88, 742.027, 498.062
488, 644.207, 741.784, 501.79
489, 643.446, 743.988, 504.727
490, 643.254, 744.109, 508.47
491, 642.645, 746.731, 511.081
492, 642.615, 746.801, 514.831
493, 642.591, 746.213, 518.534
494, 642.56, 747.825, 521.92
495, 642.578, 747.752, 525.669
496, 642.895, 747.321, 529.381
497, 642.461, 744.362, 531.643
498, 642.113, 742.012, 534.545
499, 642.011, 742.349, 538.278
500, 639.791, 744.178, 540.685
501, 639.421, 747.798, 541.591
502, 636.69, 750.048, 540.35
503, 633.843, 751.885, 541.956
504, 633.089, 755.289, 543.337
505, 631.854, 758.822, 543.57
506, 629.316, 760.063, 541.105
507, 626.067, 758.966, 539.588
508, 623.315, 756.795, 540.922
509, 620.915, 754.346, 539.405
510, 617.657, 752.874, 540.539
511, 616.46, 749.758, 538.832
512, 617.881, 746.52, 537.581
513, 617.46, 743.154, 539.178
514, 617.149, 741.903, 542.699
515, 614.4, 739.914, 544.296
516, 613.394, 736.315, 543.982
517, 615.182, 733.101, 544.715
518, 615.603, 729.384, 544.457
519, 617.981, 727.448, 542.298
520, 618.806, 724.675, 539.913
521, 619.536, 723.767, 536.348
522, 619.494, 723.362, 532.62
523, 619.662, 723.561, 528.879
524, 617.597, 722.247, 526.037
525, 616.445, 722.497, 522.478
526, 615.425, 724.063, 519.226
527, 616.149, 727.589, 518.176
528, 618.466, 729.135, 515.666
529, 619.22, 732.804, 515.84
530, 618.172, 735.643, 513.626
531, 619.235, 738.048, 510.952
532, 619.239, 738.037, 507.202
533, 619.004, 737.505, 503.497
534, 616.918, 735.323, 501.273
535, 615.821, 734.349, 497.821
536, 617.002, 735.073, 494.336
537, 620.395, 734.54, 492.833
538, 621.216, 733.425, 489.348
539, 620.906, 733.673, 485.619
540, 620.388, 733.982, 481.918
541, 620.283, 734.389, 478.191
542, 618.839, 736.926, 475.838
543, 618.831, 737.573, 472.144
544, 617.42, 736.115, 468.99
545, 615.762, 732.977, 467.78
546, 616.832, 729.441, 467.137
547, 619.236, 726.726, 466.182
548, 619.057, 723.482, 468.055
549, 617.218, 720.791, 469.909
550, 614.188, 718.895, 471.043
551, 612.6, 715.542, 470.499
552, 610.48, 714.772, 467.503
553, 606.922, 715.822, 466.959
554, 605.206, 718.308, 469.181
555, 604.632, 718.416, 472.885
556, 605.876, 716.614, 475.93
557, 605.663, 715.414, 479.476
558, 606.993, 716.354, 482.854
559, 607.262, 716.411, 486.594
560, 609.644, 714.89, 489.059
561, 610.202, 712.424, 491.828
562, 611.552, 711.562, 495.219
563, 612.33, 710.635, 498.768
564, 613.715, 710.243, 502.231
565, 612.48, 709.561, 505.705
566, 609.867, 707.663, 507.61
567, 608.991, 707.279, 511.236
568, 928.831, 403.577, 857.387
569, 928.456, 403.27, 853.668
570, 927.259, 403.382, 850.116
571, 926.249, 403.492, 846.507
572, 927.394, 402.082, 843.226
573, 927.359, 398.483, 842.171
574, 926.846, 394.969, 840.967
575, 925.82, 393.113, 837.874
576, 925.887, 392.874, 834.133
577, 928.33, 391.489, 831.647
578, 928.57, 391.554, 827.905
579, 929.352, 391.11, 824.265
580, 928.831, 392.958, 821.044
581, 930.084, 396.366, 820.105
582, 930.588, 398.219, 816.884
583, 929.717, 401.743, 815.945
584, 931.442, 404.637, 814.298
585, 932.325, 405.503, 810.758
586, 931.351, 404.221, 807.371
587, 931.707, 401.498, 804.817
588, 934.235, 399.384, 803.027
589, 934.337, 398.306, 799.437
590, 933.213, 395.208, 797.646
591, 934.223, 393.016, 794.777
592, 933.367, 389.381, 794.434
593, 931.054, 387.934, 791.862
594, 927.935, 387.043, 789.98
595, 925.158, 384.538, 789.706
596, 922.695, 384.65, 786.881
597, 921.069, 383.341, 783.766
598, 921.148, 384.043, 780.083
599, 921.357, 384.211, 776.342
600, 921.676, 387.015, 773.872
601, 923.352, 388.364, 770.801
602, 926.463, 390.348, 770.131
603, 927.148, 393.365, 772.25
604, 925.197, 396.497, 771.58
605, 921.852, 397.487, 772.955
606, 918.59, 399.056, 771.974
607, 915.177, 400.499, 772.548
608, 913.749, 402.213, 775.562
609, 910.06, 402.568, 776.136
610, 907.705, 400.648, 773.938
611, 907.1, 400.545, 770.239
612, 904.724, 399.934, 767.403
613, 903.96, 398.657, 763.961
614, 904.607, 399.857, 760.467
615, 903.259, 399.227, 757.025
616, 899.789, 398.981, 755.624
617, 898.507, 399.86, 752.212
618, 899.781, 400.09, 748.692
619, 900.227, 400.726, 745.024
620, 899.163, 398.999, 741.869
621, 899.917, 399.182, 738.201
622, 898.853, 397.456, 735.047
623, 898.775, 397.102, 731.314
624, 899.143, 397.378, 727.592
625, 899.917, 399.098, 724.351
626, 900.245, 398.218, 720.721
627, 900.401, 397.61, 717.023
628, 900.811, 394.592, 714.837
629, 899.974, 393.48, 711.354
630, 900.437, 390.073, 709.857
631, 899.6, 388.961, 706.375
632, 898.256, 386.708, 703.696
633, 897.522, 383.384, 702.124
634, 897.757, 382.09, 698.612
635, 898.233, 382.786, 694.958
636, 898.118, 383.422, 691.264
637, 898.49, 386.457, 689.092
638, 898.671, 387.077, 685.398
639, 901.343, 388.562, 683.227
640, 904.894, 387.569, 682.543
641, 905.954, 385.71, 679.463
642, 905.647, 386.277, 675.769
643, 907.695, 385.654, 672.69
644, 907.068, 385.768, 668.994
645, 908.956, 384.749, 665.919
646, 908.77, 385.358, 662.224
647, 908.251, 386.093, 658.583
648, 909.785, 384.938, 655.362
649, 69.7653, 782.006, 83.4376
650, 73.2501, 783.178, 82.6986
651, 74.8099, 784.575, 79.5876
652, 78.1596, 784.408, 77.9099
653, 79.7723, 785.853, 74.8479
654, 80.7805, 786.337, 71.2686
655, 80.9186, 786.475, 67.5237
656, 80.8733, 786.444, 63.7741
657, 81.9398, 788.813, 61.0698
658, 83.7473, 791.144, 58.7539
659, 83.4191, 794.599, 57.3341
660, 84.3487, 795.736, 53.8838
661, 85.6466, 795.882, 50.3686
662, 87.1632, 797.763, 47.5003
663, 89.9728, 800.215, 47.1074
664, 93.5683, 799.991, 48.1488
665, 95.2774, 801.482, 51.1348
666, 97.4529, 804.491, 51.6622
667, 99.3745, 805.697, 54.6482
668, 101.419, 807.18, 57.4198
669, 102.496, 807.015, 61.0081
670, 104.461, 804.367, 62.793
671, 103.936, 800.679, 63.2278
672, 102.071, 799.263, 66.1563
673, 100.661, 797.768, 69.2935
674, 100.129, 796.071, 72.5948
675, 100.15, 797.128, 76.1927
676, 99.6719, 796.332, 79.8259
677, 96.7578, 795.59, 82.0665
678, 95.7761, 796.166, 85.6395
679, 94.4826, 795.837, 89.1439
680, 91.0994, 796.29, 90.6965
681, 89.3556, 794.974, 93.7443
682, 85.7327, 794.239, 94.3744
683, 83.7712, 793.277, 97.4222
684, 83.4266, 792.286, 101.022
685, 85.0301, 793.073, 104.32
686, 87.524, 795.225, 106.112
687, 87.7033, 797.495, 109.091
688, 89.3203, 798.89, 112.174
689, 92.9978, 798.64, 112.863
690, 94.4105, 797.038, 115.945
691, 94.4477, 797.686, 119.639
692, 92.7097, 799.657, 122.314
693, 91.3812, 803.12, 122.867
694, 89.3364, 805.35, 120.651
695, 89.2581, 805.937, 116.948
696, 87.2073, 807.523, 114.239
697, 86.72, 811.178, 113.554
698, 86.4767, 813.303, 110.474
699, 86.3603, 816.988, 109.789
700, 84.8085, 818.461, 106.709
701, 83.8749, 820.02, 103.429
702, 83.9292, 819.006, 99.8186
703, 82.5839, 820.228, 96.5384
704, 79.0125, 820.671, 95.4844
705, 77.2197, 820.968, 92.2041
706, 75.688, 822.619, 89.2056
707, 76.1954, 822.597, 85.4901
708, 77.4163, 821.835, 82.0275
709, 79.9621, 819.493, 80.5784
710, 80.0743, 817.117, 77.6794
711, 80.9774, 813.97, 75.8515
712, 79.8829, 810.526, 76.8549
713, 81.3725, 807.61, 75.027
714, 84.1248, 805.269, 76.0304
715, 84.4867, 801.542, 76.2227
716, 86.4294, 799.925, 78.9932
717, 88.5819, 796.861, 79.1855
718, 91.0689, 796.412, 81.956
719, 93.6493, 793.698, 82.1483
720, 96.4456, 793.612, 79.6512
721, 96.6783, 793.606, 75.9084
722, 94.2549, 793.146, 73.0839
723, 92.8905, 794.063, 69.7137
724, 90.5565, 796.724, 68.4742
725, 87.4661, 798.105, 66.86
726, 85.8896, 798.582, 63.4911
727, 83.4461, 800.139, 61.1104
728, 79.7812, 799.347, 61.0428
729, 76.4174, 797.934, 61.9096
730, 944.426, 948.057, 255.745
731, 943.149, 948.963, 252.337
732, 942.875, 949.234, 248.607
733, 945.225, 949.236, 245.685
734, 948.35, 951.265, 245.26
735, 950.651, 951.742, 242.337
736, 953.121, 954.531, 241.912
737, 955.466, 954.686, 238.99
738, 957.492, 956.974, 236.817
739, 961.231, 957.221, 236.968
740, 964.372, 958.97, 235.9
741, 965.03, 961.237, 232.986
742, 964.858, 960.908, 229.255
743, 967.107, 961.626, 226.341
744, 970.796, 961.086, 225.93
745, 973.7, 960.64, 228.259
746, 976.856, 958.617, 228.385
747, 979.125, 957.038, 230.918
748, 979.159, 956.856, 234.664
749, 981.429, 955.277, 237.197
750, 981.611, 955.301, 240.942
751, 981.694, 955.408, 244.69
752, 983.882, 957.043, 247.259
753, 987.595, 956.526, 247.165
754, 990.491, 958.689, 248.162
755, 993.657, 958.248, 250.122
756, 996.478, 955.929, 249.267
757, 997.971, 954.607, 246.091
758, 997.917, 955.421, 242.431
759, 997.01, 956.224, 238.882
760, 998.161, 955.931, 235.325
761, 996.509, 956.062, 231.961
762, 994.228, 954.139, 229.69
763, 993.605, 953.521, 226.044
764, 993.471, 953.103, 222.32
765, 994.171, 955.301, 219.364
766, 992.879, 958.789, 218.885
767, 989.483, 960.37, 218.711
768, 985.738, 960.561, 218.647
769, 982.087, 961.306, 218.227
770, 978.697, 960.876, 216.683
771, 976.443, 958, 217.522
772, 974.612, 955.389, 215.549
773, 975.002, 953.096, 212.607
774, 976.249, 949.692, 211.65
775, 975.81, 946.009, 211.094
776, 973.125, 943.873, 209.579
777, 969.957, 942.377, 210.915
778, 968.692, 938.909, 211.572
779, 969.529, 936.915, 214.636
780, 971.544, 933.822, 215.293
781, 972.443, 931.855, 218.357
782, 971.173, 928.388, 219.014
783, 970.673, 924.685, 219.322
784, 971.145, 922.291, 222.17
785, 970.952, 922.477, 225.91
786, 970.552, 922.905, 229.614
787, 968.58, 922.983, 232.803
788, 966.735, 923.1, 236.065
789, 963.644, 924.962, 237.085
790, 959.897, 925.107, 237.068
791, 957.497, 927.674, 238.377
792, 957.396, 929.861, 241.421
793, 959.012, 933.012, 242.652
794, 960.931, 935.421, 244.793
795, 961.609, 935.501, 248.48
796, 959.503, 935.432, 251.582
797, 960.004, 934.968, 255.269
798, 961.035, 933.025, 258.307
799, 962.489, 930.726, 260.888
800, 963.939, 930.391, 264.33
801, 964.063, 930.289, 268.077
802, 962.259, 932.051, 270.853
803, 962.232, 932.07, 274.603
804, 962.923, 931.133, 278.167
805, 963.164, 932.795, 281.52
806, 964.882, 934.093, 284.591
807, 966.31, 937.495, 285.259
808, 965.48, 941.074, 286.013
809, 964.596, 944.165, 287.943
810, 963.818, 946.765, 290.531
811, 795.74, 347.758, 941.282
812, 792.747, 348.639, 939.202
813, 792.079, 349.848, 935.715
814, 792.267, 353.085, 933.83
815, 791.717, 354.045, 930.247
816, 791.023, 354.657, 926.613
817, 789.364, 355.236, 923.3
818, 787.268, 358.114, 922.122
819, 787.816, 361.731, 922.947
820, 790.808, 363.96, 922.57
821, 793.532, 366.442, 923.265
822, 796.762, 368.176, 922.478
823, 797.738, 369.983, 919.34
824, 797.367, 371.797, 916.079
825, 797.69, 370.874, 912.458
826, 798.471, 372.553, 909.197
827, 798.213, 371.772, 905.539
828, 798.112, 371.213, 901.832
829, 798.14, 371.138, 898.083
830, 796.217, 372.857, 895.361
831, 792.569, 373.718, 895.24
832, 790.896, 375.68, 892.518
833, 787.428, 377.103, 892.396
834, 784.064, 378.752, 892.562
835, 783.227, 381.158, 895.315
836, 784.05, 382.884, 898.54
837, 783.607, 384.156, 902.04
838, 783.455, 383.836, 905.774
839, 784.963, 385.669, 908.677
840, 786.554, 388.991, 909.379
841, 787.574, 390.855, 912.469
842, 789.615, 393.922, 913.171
843, 792.666, 394.552, 915.257
844, 794.614, 396.588, 917.732
845, 798.021, 398.053, 918.288
846, 800.787, 396.967, 920.576
847, 801.927, 394.393, 923.053
848, 802.168, 394.298, 926.794
849, 803.419, 393.215, 930.159
850, 803.266, 394.395, 933.715
851, 803.734, 392.808, 937.08
852, 805.824, 391.656, 939.974
853, 807.791, 391.874, 943.159
854, 810.086, 394.708, 944.031
855, 809.784, 397.734, 946.226
856, 811.785, 400.871, 945.758
857, 814.099, 403.82, 945.645
858, 813.784, 406.545, 948.202
859, 816.098, 409.494, 948.089
860, 817.272, 411.975, 950.645
861, 817.415, 412.027, 954.392
862, 819.228, 414.087, 956.948
863, 819.009, 417.83, 957.014
864, 818.339, 420.457, 954.424
865, 817.937, 422.025, 951.042
866, 818.409, 420.891, 947.498
867, 818.401, 420.909, 943.748
868, 817.501, 418.445, 941.069
869, 819.064, 415.037, 941.009
870, 821.597, 414.081, 943.603
871, 821.695, 414.102, 947.351
872, 823.898, 414.398, 950.372
873, 826.651, 415.401, 952.711
874, 829.183, 414.464, 955.314
875, 830.768, 411.065, 955.265
876, 832.541, 409.029, 957.868
877, 833.489, 405.43, 958.326
878, 832.008, 402.858, 956.035
879, 832.135, 402.376, 952.318
880, 831.135, 404.402, 949.325
881, 832.306, 407.919, 948.757
882, 832.218, 410.153, 945.747
883, 832.13, 409.632, 942.034
884, 831.241, 407.446, 939.12
885, 828.073, 406.09, 937.641
886, 826.371, 405.02, 934.475
887, 824.925, 405.056, 931.015
888, 824.287, 404.592, 927.35
889, 823.981, 402.716, 924.117
890, 822.829, 400.93, 921.027
891, 822.693, 401.578, 917.336
892, 71.2302, 917.051, 582.72
893, 73.7345, 914.469, 583.782
894, 75.6658, 911.266, 583.509
895, 74.9955, 908.496, 585.946
896, 72.732, 905.518, 585.673
897, 73.1015, 902.692, 588.109
898, 73.987, 899.058, 587.836
899, 77.0014, 897.202, 589.074
900, 80.6696, 897.446, 588.334
901, 83.0519, 895.382, 590.367
902, 83.8612, 895.436, 594.028
903, 84.3696, 894.996, 597.717
904, 85.3531, 892.459, 600.298
905, 85.4101, 892.354, 604.046
906, 85.5964, 892.298, 607.791
907, 86.9191, 889.862, 610.316
908, 87.119, 886.807, 612.483
909, 89.7013, 884.518, 613.95
910, 90.2728, 881.632, 616.275
911, 90.0464, 881.236, 619.997
912, 92.0138, 881.783, 623.143
913, 93.5622, 880.92, 626.447
914, 94.0238, 879.328, 629.811
915, 96.0187, 876.399, 631.037
916, 99.3376, 875.75, 629.416
917, 101.333, 872.821, 630.642
918, 103.226, 870.019, 629.021
919, 103.175, 866.643, 627.39
920, 104.043, 865.739, 623.855
921, 102.449, 865.78, 620.461
922, 100.198, 863.666, 618.334
923, 100.062, 859.977, 618.993
924, 102.357, 857.48, 620.593
925, 102.227, 853.946, 619.346
926, 104.667, 851.291, 618.319
927, 107.878, 850.591, 620.125
928, 110.841, 852.471, 621.448
929, 111.606, 855.81, 619.92
930, 114.568, 857.69, 621.243
931, 115.379, 861.228, 620.302
932, 118.505, 863.212, 620.898
933, 122.223, 862.721, 620.865
934, 125.034, 863.024, 623.328
935, 125.78, 862.866, 627
936, 126.275, 862.878, 630.717
937, 124.705, 861.25, 633.708
938, 125.2, 861.262, 637.425
939, 127.76, 862.76, 639.719
940, 128.772, 862.502, 643.321
941, 127.144, 861.759, 646.616
942, 127.927, 862.45, 650.218
943, 131.197, 862.263, 652.043
944, 133.708, 860.301, 654.02
945, 135.772, 859.626, 657.077
946, 139.336, 858.653, 657.722
947, 142.019, 860.167, 655.584
948, 142.23, 860.819, 651.897
949, 142.344, 858.716, 648.794
950, 142.379, 858.446, 645.054
951, 143.141, 857.856, 641.429
952, 143.925, 857.655, 637.768
953, 142.516, 859.075, 634.596
954, 142.513, 860.932, 631.338
955, 142.522, 860.96, 627.588
956, 142.736, 860.334, 623.897
957, 141.769, 861.159, 620.369
958, 141.902, 859.588, 616.967
959, 144.491, 857.212, 615.657
960, 144.659, 853.731, 617.043
961, 143.63, 850.421, 618.474
962, 145.061, 847.662, 620.571
963, 146.851, 844.441, 619.876
964, 148.293, 841.861, 617.567
965, 150.869, 839.172, 618.004
966, 153.612, 836.616, 618.073
967, 156.306, 834.77, 616.229
968, 159.866, 835.415, 617.216
969, 162.75, 836.946, 615.372
970, 164.414, 836.447, 612.049
971, 165.405, 835.55, 608.545
972, 163.894, 835.641, 605.115
973, 958.129, 753.838, 525.071
974, 956.265, 756.312, 522.957
975, 956.76, 759.967, 523.633
976, 955.859, 762.931, 521.519
977, 957.577, 766.194, 522.195
978, 958.663, 768.047, 525.269
979, 962.227, 768.997, 525.945
980, 964.045, 772.097, 524.874
981, 965.713, 775.228, 523.658
982, 966.218, 776.815, 520.298
983, 965.671, 776.526, 516.599
984, 966.22, 778.275, 513.328
985, 964.953, 780.736, 510.798
986, 962.893, 781.408, 507.737
987, 963.441, 781.682, 504.038
988, 961.382, 782.354, 500.977
989, 959.692, 785.637, 500.324
990, 956.759, 786.593, 502.457
991, 955.31, 785.867, 505.838
992, 955.303, 785.858, 509.588
993, 954.316, 783.743, 512.523
994, 952.885, 780.305, 512.967
995, 952.408, 776.689, 513.839
996, 954.273, 773.739, 515.21
997, 955.257, 770.128, 514.968
998, 955.354, 767.155, 512.685
999, 957.826, 764.709, 511.28
1000, 961.086, 763.55, 512.726
1001, 964.576, 763.226, 514.057
1002, 967.226, 765.402, 512.538
1003, 968.95, 765.276, 509.21
1004, 968.218, 766.114, 505.629
1005, 966.166, 768.71, 503.865
1006, 963.555, 771.22, 502.895
1007, 960.596, 772.329, 500.876
1008, 957.893, 774.806, 501.663
1009, 954.187, 774.94, 501.107
1010, 951.132, 772.77, 501.27
1011, 950.693, 770.26, 504.02
1012, 949.392, 766.746, 504.183
1013, 946.997, 763.874, 504.467
1014, 944.153, 763.601, 502.039
1015, 941.389, 764.443, 499.648
1016, 939.629, 767.704, 499.074
1017, 936.828, 768.558, 496.732
1018, 934.792, 771.683, 497.127
1019, 932.189, 773.235, 499.335
1020, 929.224, 772.989, 501.618
1021, 928.893, 772.603, 505.334
1022, 928.069, 771.776, 508.897
1023, 927.941, 771.66, 512.643
1024, 930.072, 772.991, 515.427
1025, 931.522, 776.124, 516.89
1026, 932.762, 776.827, 520.359
1027, 932.357, 776.67, 524.083
1028, 934.202, 778.061, 527.037
1029, 937.882, 778.344, 527.7
1030, 939.735, 780.482, 530.161
1031, 941.096, 783.972, 530.34
1032, 943.855, 785.763, 532.14
1033, 944.524, 788.831, 534.19
1034, 942.733, 791.784, 535.65
1035, 942.457, 794.672, 538.026
1036, 941.313, 798.163, 538.78
1037, 938.429, 799.826, 537.054
1038, 937.582, 802.917, 535.106
1039, 935.783, 806.09, 535.975
1040, 934.438, 807.546, 539.159
1041, 931.465, 809.659, 540.028
1042, 927.765, 809.054, 540.109
1043, 924.551, 810.986, 540.153
1044, 923.629, 814.605, 540.495
1045, 924.851, 816.688, 543.364
1046, 924.925, 816.396, 547.102
1047, 925.575, 818.722, 549.971
1048, 926.873, 819.523, 553.397
1049, 927.431, 821.035, 556.783
1050, 927.125, 822.283, 560.305
1051, 925.174, 825.058, 561.906
1052, 922.842, 827.716, 560.658
1053, 922.453, 831.414, 561.147
1054, 688.711, 828.547, 377.697
1055, 687.322, 829.148, 381.128
1056, 687.499, 829.217, 384.873
1057, 686.483, 826.935, 387.67
1058, 686.642, 827.039, 391.415
1059, 685.017, 825.141, 394.211
1060, 684.912, 825.033, 397.958
1061, 682.802, 823.281, 400.516
1062, 681.46, 819.782, 400.406
1063, 682.501, 817.413, 397.691
1064, 681.875, 815.782, 394.373
1065, 683.26, 812.628, 392.891
1066, 684.568, 812.11, 389.415
1067, 685.915, 809.044, 387.728
1068, 684.638, 805.713, 388.884
1069, 685.175, 802.312, 390.369
1070, 688.196, 800.09, 390.318
1071, 688.617, 797.422, 392.919
1072, 691.638, 795.2, 392.867
1073, 695.339, 795.744, 393.134
1074, 697.944, 794.481, 390.751
1075, 701.322, 795.634, 389.6
1076, 704.158, 797.595, 388.126
1077, 704.607, 799.982, 385.269
1078, 704.716, 799.721, 381.529
1079, 703.648, 797.099, 379.07
1080, 700.765, 794.714, 379.312
1081, 697.538, 795.001, 377.422
1082, 696.909, 795.745, 373.801
1083, 693.683, 796.032, 371.911
1084, 692.538, 797.387, 368.607
1085, 690.965, 799.549, 365.978
1086, 688.009, 801.856, 365.989
1087, 685.335, 801.822, 363.36
1088, 681.91, 803.348, 363.371
1089, 680.944, 805.824, 366.016
1090, 680.945, 805.854, 369.766
1091, 681.092, 808.508, 372.411
1092, 678.606, 811.314, 372.506
1093, 676.28, 813.592, 374.367
1094, 672.835, 814.713, 373.4
1095, 670.071, 817.066, 374.345
1096, 667.548, 819.173, 372.54
1097, 667.205, 822.762, 373.569
1098, 668.826, 824.747, 376.307
1099, 668.836, 824.643, 380.056
1100, 668.458, 822.034, 382.722
1101, 665.466, 819.773, 382.764
1102, 661.85, 820.256, 381.896
1103, 658.413, 819.579, 383.233
1104, 656.487, 816.739, 381.72
1105, 656.54, 812.99, 381.737
1106, 655.2, 810.671, 379.112
1107, 651.583, 809.682, 379.129
1108, 649.301, 808.052, 376.64
1109, 649.229, 807.82, 372.897
1110, 648.198, 807.123, 369.36
1111, 648.756, 808.625, 365.97
1112, 649.85, 809.133, 362.419
1113, 650.145, 809.928, 358.766
1114, 653.022, 811.263, 356.765
1115, 653.444, 811.999, 353.113
1116, 653.542, 812.026, 349.364
1117, 652.654, 812.372, 345.737
1118, 649.441, 812.691, 343.829
1119, 646.669, 814.473, 342.04
1120, 645.884, 817.987, 343.086
1121, 643.984, 819.208, 346.079
1122, 642.006, 819.833, 349.203
1123, 638.534, 818.636, 349.965
1124, 635.695, 817.281, 347.924
1125, 632.41, 815.639, 348.685
1126, 629.421, 816.619, 346.644
1127, 628.62, 816.63, 342.981
1128, 626.668, 816.362, 339.79
1129, 627.406, 816.772, 336.136
1130, 627.53, 816.737, 332.388
1131, 625.243, 815.622, 329.634
1132, 623.636, 812.238, 329.465
1133, 624.477, 809.836, 326.71
1134, 627.798, 808.103, 326.541
1135, 874.02, 944.09, 129.643
1136, 871.067, 943.229, 127.497
1137, 870.654, 942.693, 123.809
1138, 869.719, 941.258, 120.472
1139, 870.305, 937.743, 119.304
1140, 868.37, 935.003, 120.98
1141, 868.334, 933.797, 124.531
1142, 868.677, 931.005, 127.011
1143, 868.66, 930.751, 130.752
1144, 869.684, 932.976, 133.591
1145, 873.183, 934.293, 133.887
1146, 875.786, 935.49, 131.468
1147, 877.632, 938.741, 131.764
1148, 877.252, 942.061, 133.464
1149, 876.332, 942.8, 137.024
1150, 872.99, 942.734, 138.724
1151, 871.202, 940.895, 141.46
1152, 871.045, 940.683, 145.201
1153, 870.152, 938.011, 147.675
1154, 870.166, 937.748, 151.415
1155, 868.72, 936.129, 154.474
1156, 867.93, 933.36, 156.876
1157, 869.359, 929.908, 156.56
1158, 871.386, 926.763, 156.303
1159, 873.807, 926.227, 153.489
1160, 876.972, 928.221, 153.232
1161, 880.63, 927.41, 153.399
1162, 882.429, 924.621, 151.654
1163, 884.177, 921.489, 152.747
1164, 883.425, 918.784, 155.234
1165, 883.198, 918.654, 158.975
1166, 880.477, 919.379, 161.45
1167, 876.899, 918.27, 161.642
1168, 873.754, 919.905, 160.419
1169, 871.066, 921.955, 162.042
1170, 869.812, 921.818, 165.573
1171, 869.849, 921.843, 169.323
1172, 868.458, 920.571, 172.565
1173, 865.674, 920.105, 175.033
1174, 862.633, 922.248, 175.508
1175, 859.881, 924.512, 176.674
1176, 858.925, 925.934, 180.01
1177, 859.02, 924.81, 183.586
1178, 858.99, 924.662, 187.333
1179, 858.494, 921.964, 189.89
1180, 858.367, 921.875, 193.637
1181, 856.192, 922.121, 196.682
1182, 853.594, 920.073, 198.449
1183, 850.4, 918.425, 197.378
1184, 849.843, 916.711, 194.09
1185, 850.789, 914.83, 190.987
1186, 853.097, 912.956, 188.701
1187, 855.781, 910.341, 188.838
1188, 859.491, 909.797, 188.784
1189, 861.771, 908.342, 191.382
1190, 862.3, 908.294, 195.094
1191, 864.41, 906.178, 197.359
1192, 868.127, 906.152, 196.868
1193, 871.284, 908.17, 197.034
1194, 873.786, 907.634, 199.775
1195, 876.323, 904.877, 199.924
1196, 876.197, 901.413, 201.356
1197, 878.473, 898.939, 203.019
1198, 879.102, 895.437, 201.837
1199, 882.145, 893.295, 201.372
1200, 885.616, 892.068, 202.084
1201, 887.461, 889.057, 203.346
1202, 890.281, 886.726, 202.527
1203, 892.275, 884.181, 200.626
1204, 894.169, 883.392, 197.487
1205, 897.566, 884.769, 196.699
1206, 900.308, 886.686, 195.004
1207, 901.925, 888.614, 192.223
1208, 901.714, 891.184, 189.501
1209, 898.958, 893.547, 188.559
1210, 898.711, 896.558, 186.337
1211, 899.154, 900.242, 186.883
1212, 899.269, 902.493, 189.88
1213, 897.351, 904.641, 192.281
1214, 893.803, 905.243, 193.334
1215, 891.527, 907.665, 191.596
1216, 261.025, 901.852, 709.922
1217, 259.037, 901.683, 713.097
1218, 255.827, 903.424, 713.95
1219, 253.893, 903.914, 717.125
1220, 252.475, 906.266, 719.679
1221, 249.045, 907.783, 719.697
1222, 246.538, 906.83, 722.318
1223, 244.594, 903.624, 722.294
1224, 245.218, 901.015, 724.915
1225, 246.187, 898.874, 727.837
1226, 246.18, 899.063, 731.582
1227, 246.072, 896.566, 734.378
1228, 247.329, 895.181, 737.628
1229, 246.892, 896.031, 741.254
1230, 248.368, 895.549, 744.667
1231, 249.969, 892.431, 746.002
1232, 250.281, 890.91, 749.415
1233, 249.334, 891.796, 752.934
1234, 250.013, 890.399, 756.347
1235, 250.423, 886.919, 757.682
1236, 248.312, 884.215, 756.166
1237, 245.213, 882.579, 757.5
1238, 244.088, 879.004, 757.376
1239, 242.551, 876.935, 754.652
1240, 242.575, 877.015, 750.903
1241, 244.947, 878.296, 748.297
1242, 245.783, 881.04, 745.88
1243, 245.808, 884.778, 746.18
1244, 243.589, 887.457, 747.579
1245, 239.967, 887.816, 748.481
1246, 237.36, 885.705, 746.805
1247, 236.16, 885.824, 743.254
1248, 236.452, 885.472, 739.532
1249, 237.062, 883.74, 736.262
1250, 236.961, 882.837, 732.624
1251, 236.261, 880.513, 729.765
1252, 236.128, 880.765, 726.026
1253, 234.17, 881.854, 723.019
1254, 234.408, 881.39, 719.305
1255, 232.279, 882.09, 716.299
1256, 232.089, 882.457, 712.571
1257, 231.894, 881.833, 708.879
1258, 229.569, 879.84, 706.714
1259, 228.887, 876.196, 706.152
1260, 229.667, 874.095, 703.145
1261, 229.882, 874.571, 699.431
1262, 230.009, 875.284, 695.752
1263, 229.62, 876.739, 692.318
1264, 229.074, 877.059, 688.621
1265, 229.666, 874.992, 685.549
1266, 229.589, 875.62, 681.853
1267, 229.572, 875.598, 678.103
1268, 228.926, 875.121, 674.44
1269, 226.704, 875.441, 671.436
1270, 224.139, 874.984, 668.739
1271, 223.188, 873.848, 665.294
1272, 222.074, 871.006, 663.116
1273, 222.704, 869.177, 659.903
1274, 222.491, 868.735, 656.185
1275, 219.7, 867.74, 653.887
1276, 219.127, 868.008, 650.191
1277, 219.549, 867.609, 646.486
1278, 219.877, 866.855, 642.828
1279, 219.16, 865.001, 639.648
1280, 218.943, 864.897, 635.906
1281, 219.188, 865.096, 632.169
1282, 222.028, 864.819, 629.735
1283, 222.77, 865.06, 626.068
1284, 225.554, 866.5, 624.009
1285, 225.922, 867.637, 620.454
1286, 224.457, 866.879, 617.087
1287, 224.632, 867.038, 613.344
1288, 222.199, 866.645, 610.517
1289, 220.122, 863.799, 609.234
1290, 217.829, 861.278, 610.799
1291, 214.311, 861.092, 609.515
1292, 211.594, 858.515, 609.311
1293, 207.935, 858.592, 608.495
1294, 204.256, 858.907, 607.841
1295, 201.886, 856.932, 609.973
1296, 201.06, 856.413, 613.593
1297, 291.94, 521.958, 710.44
1298, 293.964, 521.017, 707.427
1299, 297.238, 521.853, 705.8
1300, 300.78, 522.014, 707.02
1301, 301.908, 523.237, 710.38
1302, 303.154, 523.457, 713.911
1303, 301.852, 524.358, 717.31
1304, 303.098, 524.578, 720.84
1305, 301.574, 524.149, 724.239
1306, 302.785, 523.782, 727.77
1307, 301.918, 523.324, 731.389
1308, 300.042, 520.679, 733.273
1309, 297.162, 518.47, 732.331
1310, 293.771, 517.024, 733.019
1311, 292.935, 514.976, 736.047
1312, 294.044, 512.296, 738.424
1313, 297.5, 510.841, 738.485
1314, 300.77, 510.793, 736.651
1315, 303.302, 508.213, 737.647
1316, 303.288, 504.531, 736.934
1317, 304.167, 502.606, 733.839
1318, 304.399, 503.237, 730.149
1319, 305.514, 505.188, 727.147
1320, 306.612, 508.248, 725.279
1321, 306.192, 509.152, 721.664
1322, 306.824, 510.915, 718.415
1323, 307.226, 510.05, 714.788
1324, 307.565, 509.275, 711.135
1325, 306.659, 506.927, 708.355
1326, 303.607, 504.882, 707.602
1327, 302.981, 501.804, 709.651
1328, 303.278, 498.713, 711.753
1329, 303.015, 498.033, 715.432
1330, 301.304, 497.265, 718.68
1331, 300.655, 495.586, 721.969
1332, 300.334, 496.568, 725.574
1333, 301.8, 499.491, 727.41
1334, 300.822, 502.49, 729.439
1335, 301.031, 504.897, 732.307
1336, 302.932, 506.512, 735.107
1337, 305.612, 506.587, 737.728
1338, 308.203, 509.299, 737.705
1339, 308.156, 511.948, 735.052
1340, 305.473, 514.568, 735.029
1341, 304.847, 517.825, 733.28
1342, 305.311, 518.854, 729.704
1343, 304.339, 521.465, 727.193
1344, 303.115, 522.033, 723.694
1345, 302.223, 523.536, 720.377
1346, 302.693, 523.414, 716.658
1347, 302.991, 523.197, 712.927
1348, 302.605, 525.528, 710.014
1349, 301.446, 529.071, 709.606
1350, 298.138, 530.771, 710.086
1351, 296.32, 532.189, 713.044
1352, 292.616, 531.857, 713.524
1353, 290.636, 530.676, 716.482
1354, 286.973, 530.029, 716.963
1355, 284.434, 528.465, 714.689
1356, 281.04, 529.253, 713.301
1357, 279.198, 532.173, 714.765
1358, 279.871, 535.22, 716.844
1359, 280.506, 535.631, 720.517
1360, 280.687, 535.665, 724.263
1361, 278.251, 535.087, 727.055
1362, 277.81, 534.919, 730.775
1363, 278.762, 534.498, 734.378
1364, 280.277, 533.67, 737.707
1365, 283.747, 532.839, 738.859
1366, 286.307, 533.701, 741.46
1367, 289.857, 533.079, 742.496
1368, 291.689, 533.015, 745.768
1369, 290.733, 533.3, 749.383
1370, 288.056, 531.873, 751.586
1371, 286.813, 528.827, 753.387
1372, 288.094, 525.734, 755.076
1373, 289.142, 522.208, 754.345
1374, 288.186, 520.336, 751.239
1375, 287.794, 516.734, 750.273
1376, 287.781, 514.838, 747.037
1377, 285.556, 512.62, 744.99
1378, 133.122, 17.1819, 255.684
1379, 129.688, 18.5401, 256.339
1380, 128.818, 20.5213, 259.402
1381, 129.346, 20.2062, 263.101
1382, 130.744, 20.552, 266.564
1383, 129.532, 21.2746, 270.038
1384, 126.64, 22.2602, 272.213
1385, 123.271, 20.7274, 271.611
1386, 122.161, 17.8123, 273.692
1387, 118.81, 16.2878, 272.978
1388, 117.477, 12.7869, 272.808
1389, 115.163, 11.7337, 270.052
1390, 114.584, 10.2136, 266.673
1391, 114.067, 6.71892, 265.415
1392, 115.03, 5.40766, 262.036
1393, 115.564, 5.32278, 258.325
1394, 116.18, 5.02859, 254.638
1395, 116.129, 5.16803, 250.891
1396, 115.955, 5.34095, 247.149
1397, 115.509, 6.70314, 243.684
1398, 112.678, 8.15667, 241.699
1399, 110.793, 11.2913, 242.526
1400, 107.775, 12.0603, 244.613
1401, 107.035, 12.164, 248.288
1402, 104.017, 12.9345, 250.376
1403, 102.334, 13.9025, 253.584
1404, 102.419, 13.5943, 257.321
1405, 103.451, 15.7615, 260.202
1406, 103.451, 15.4418, 263.938
1407, 103.317, 15.3065, 267.683
1408, 103.319, 17.1735, 270.936
1409, 103.199, 17.0519, 274.682
1410, 102.78, 16.5496, 278.374
1411, 103.317, 18.28, 281.658
1412, 103.248, 17.2611, 285.266
1413, 102.736, 18.3229, 288.826
1414, 99.5878, 19.443, 290.528
1415, 96.3528, 17.9272, 289.388
1416, 92.8759, 19.1641, 288.722
1417, 89.9737, 18.0981, 290.844
1418, 86.6161, 19.6297, 290.178
1419, 85.2852, 23.1355, 290.208
1420, 86.1517, 26.7373, 290.789
1421, 87.2166, 30.1595, 291.893
1422, 87.849, 33.4226, 290.156
1423, 90.9351, 35.531, 289.851
1424, 94.2075, 36.0134, 288.085
1425, 95.1013, 35.3567, 284.502
1426, 95.7069, 35.0988, 280.811
1427, 95.9707, 34.8582, 277.078
1428, 96.4513, 32.0195, 274.675
1429, 98.1245, 28.88, 273.489
1430, 98.9322, 27.3897, 270.144
1431, 98.48, 27.5266, 266.424
1432, 98.1551, 27.355, 262.692
1433, 96.4586, 25.0205, 260.297
1434, 94.1106, 24.6358, 257.399
1435, 90.9951, 23.9097, 255.442
1436, 87.3779, 24.4006, 256.301
1437, 85.4269, 26.9357, 254.344
1438, 83.4527, 30.124, 254.359
1439, 80.1654, 30.9158, 255.98
1440, 78.2587, 33.9951, 255.008
1441, 78.6816, 35.8382, 251.77
1442, 80.7354, 37.8775, 249.385
1443, 82.6733, 38.2751, 246.2
1444, 81.9744, 38.7305, 242.544
1445, 80.4545, 38.5218, 239.122
1446, 80.8023, 38.9751, 235.416
1447, 83.5126, 39.5651, 232.892
1448, 83.845, 39.9456, 229.176
1449, 82.0587, 39.8154, 225.881
1450, 82.852, 39.1373, 222.28
1451, 82.847, 39.1397, 218.53
1452, 82.3866, 38.993, 214.811
1453, 81.2495, 36.8211, 211.973
1454, 80.713, 33.1213, 211.68
1455, 80.0092, 30.773, 208.842
1456, 79.8904, 30.9962, 205.101
1457, 80.0304, 31.4633, 201.383
1458, 80.6091, 34.3678, 199.082
1459, 5.768, 677.999, 792.138
1460, 5.92226, 678.588, 795.839
1461, 8.53389, 680.134, 798.041
1462, 12.17, 679.223, 798.15
1463, 13.5473, 676.953, 800.798
1464, 15.0343, 676.549, 804.217
1465, 18.2087, 675.076, 805.564
1466, 19.9151, 675.69, 808.846
1467, 19.1605, 675.005, 812.455
1468, 18.4929, 674.174, 816.05
1469, 18.2204, 673.921, 819.782
1470, 20.0823, 675.372, 822.696
1471, 23.4662, 676.935, 823.107
1472, 27.0347, 677.606, 822.171
1473, 29.5668, 680.185, 823.171
1474, 32.8394, 680.232, 821.341
1475, 35.3715, 682.811, 822.341
1476, 36.0513, 684.549, 825.594
1477, 37.2994, 687.94, 826.595
1478, 36.491, 689.715, 829.798
1479, 36.9016, 689.559, 833.522
1480, 38.1821, 690.126, 837.001
1481, 39.4402, 693.329, 838.489
1482, 42.6371, 694.744, 839.846
1483, 44.062, 695.304, 843.269
1484, 47.392, 694.24, 844.626
1485, 50.4576, 695.8, 843.132
1486, 51.8451, 695.661, 839.651
1487, 54.5439, 693.922, 837.712
1488, 55.5698, 694.138, 834.112
1489, 55.5227, 694.104, 830.362
1490, 54.2673, 692.46, 827.235
1491, 54.2483, 692.608, 823.488
1492, 55.9012, 691.318, 820.379
1493, 57.2357, 689.735, 817.252
1494, 57.2576, 688.694, 813.649
1495, 58.3865, 686.394, 810.911
1496, 58.2881, 686.428, 807.163
1497, 56.5917, 688.542, 804.571
1498, 56.6025, 688.646, 800.823
1499, 56.4324, 686.089, 798.084
1500, 55.3634, 684.333, 794.948
1501, 55.802, 682.486, 791.714
1502, 55.3607, 683.299, 788.08
1503, 55.9085, 681.481, 784.846
1504, 55.2916, 680.317, 781.335
1505, 53.939, 677.191, 779.766
1506, 53.6566, 673.84, 778.107
1507, 50.9513, 671.53, 779.294
1508, 50.6688, 668.178, 777.636
1509, 53.062, 665.313, 777.28
1510, 54.9118, 663.685, 774.453
1511, 57.6441, 663.845, 771.889
1512, 60.6381, 661.587, 771.852
1513, 64.2753, 662.077, 772.622
1514, 67.1007, 664.423, 771.863
1515, 68.851, 667.737, 771.733
1516, 69.3698, 671.444, 771.967
1517, 70.559, 674.897, 772.819
1518, 70.0057, 676.816, 775.992
1519, 68.4711, 679.934, 777.401
1520, 69.4177, 682.765, 779.67
1521, 69.8873, 683.003, 783.383
1522, 67.6507, 682.957, 786.393
1523, 65.894, 681.146, 789.167
1524, 64.6776, 679.826, 792.46
1525, 65.2954, 680.662, 796.063
1526, 65.3276, 683.689, 798.276
1527, 65.0459, 687.387, 797.721
1528, 65.7851, 691.06, 797.893
1529, 65.5968, 694.482, 799.414
1530, 66.4876, 697.175, 801.867
1531, 64.8247, 700.527, 801.617
1532, 62.0945, 702.807, 800.43
1533, 58.4496, 702.5, 801.256
1534, 55.9817, 699.98, 799.983
1535, 52.2408, 699.921, 799.727
1536, 49.5383, 702.511, 799.506
1537, 47.033, 702.471, 796.716
1538, 44.5123, 700.727, 794.555
1539, 42.822, 701.025, 791.221
1540, 246.956, 821.1, 221.29
1541, 243.736, 821.7, 219.463
1542, 242.006, 824.193, 217.259
1543, 242.64, 827.812, 216.51
1544, 244.625, 830.888, 215.698
1545, 246.608, 831.327, 212.545
1546, 249.583, 833.46, 211.732
1547, 251.304, 834.538, 208.58
1548, 250.601, 834.215, 204.911
1549, 248.135, 834.364, 202.09
1550, 244.445, 833.754, 201.822
1551, 242.774, 831.448, 204.262
1552, 242.278, 831.366, 207.979
1553, 240.586, 829.03, 210.376
1554, 238.47, 825.952, 210.052
1555, 239.132, 822.269, 209.802
1556, 241.451, 820.638, 212.256
1557, 241.644, 820.421, 215.995
1558, 241.68, 821.134, 219.677
1559, 239.617, 823.442, 221.792
1560, 237.154, 824.013, 224.561
1561, 235.701, 824.89, 227.906
1562, 234.464, 825.711, 231.349
1563, 235.071, 825.295, 235.026
1564, 233.497, 826.628, 238.158
1565, 230.112, 828.044, 238.934
1566, 226.901, 829.415, 240.302
1567, 226.147, 830.734, 243.731
1568, 225.163, 833.605, 245.934
1569, 225.296, 834.198, 249.634
1570, 225.241, 834.815, 253.333
1571, 224.142, 835.747, 256.794
1572, 225.519, 835.449, 260.269
1573, 228.426, 837.301, 261.749
1574, 229.804, 837.003, 265.224
1575, 230.28, 837.306, 268.931
1576, 229.791, 835.156, 271.964
1577, 231.462, 831.854, 272.569
1578, 232.287, 829.808, 275.601
1579, 231.768, 830.032, 279.309
1580, 229.987, 831.459, 282.284
1581, 226.61, 832.719, 283.319
1582, 223.784, 835.109, 282.718
1583, 223.545, 837.792, 280.109
1584, 223.492, 837.852, 276.36
1585, 225.499, 837.711, 273.195
1586, 225.587, 837.768, 269.447
1587, 225.751, 838.535, 265.779
1588, 224.869, 839.914, 262.406
1589, 225.47, 838.866, 258.856
1590, 227.319, 838.354, 255.634
1591, 230.047, 839.88, 253.562
1592, 232.265, 840.184, 250.554
1593, 233.525, 840.263, 247.023
1594, 235.484, 838.557, 244.318
1595, 235.432, 838.578, 240.568
1596, 234.833, 839.977, 237.141
1597, 233.805, 840.865, 233.646
1598, 233.538, 844.278, 232.116
1599, 233.725, 845.623, 228.62
1600, 234.619, 844.428, 225.18
1601, 234.836, 844.354, 221.437
1602, 233.672, 844.921, 217.918
1603, 232.879, 847.183, 215.033
1604, 231.884, 850.78, 214.668
1605, 229.618, 852.219, 212.049
1606, 229.554, 852.241, 208.3
1607, 226.912, 851.766, 205.682
1608, 226.586, 851.99, 201.953
1609, 226.068, 854.492, 199.208
1610, 226.006, 854.396, 195.459
1611, 226.364, 854.474, 191.727
1612, 224.255, 853.406, 188.816
1613, 224.371, 853.754, 185.084
1614, 225.07, 852.28, 181.708
1615, 224.618, 848.775, 180.454
1616, 222.555, 847.164, 177.769
1617, 221.777, 843.496, 177.701
1618, 223.562, 840.719, 175.923
1619, 223.237, 837.585, 173.889
1620, 222.611, 837.072, 170.227
1621, 666.128, 555.467, 137.394
1622, 668.333, 556.69, 134.619
1623, 668.982, 557.206, 130.962
1624, 670.577, 557.568, 127.587
1625, 672.089, 559.938, 125.105
1626, 674.86, 560.566, 122.658
1627, 678.265, 560.713, 121.093
1628, 681.348, 561.639, 119.17
1629, 684.564, 559.931, 120.066
1630, 687.176, 558.05, 118.143
1631, 690.784, 558.617, 118.993
1632, 693.502, 558.849, 121.566
1633, 697.109, 557.827, 121.477
1634, 699.83, 558.008, 124.051
1635, 702.665, 555.554, 123.962
1636, 702.875, 552.834, 126.536
1637, 705.574, 550.497, 127.682
1638, 708.971, 550.488, 126.094
1639, 710.253, 550.284, 122.576
1640, 709.786, 549.949, 118.87
1641, 710.154, 552.116, 115.831
1642, 712.65, 554.055, 113.813
1643, 715.301, 555.197, 111.42
1644, 717.141, 558.448, 111.748
1645, 719.967, 559.248, 114.08
1646, 723.231, 557.447, 113.672
1647, 726.74, 557.266, 114.98
1648, 728.14, 557.995, 118.382
1649, 727.64, 557.674, 122.084
1650, 729.774, 557.22, 125.134
1651, 730.155, 556.639, 128.819
1652, 731.407, 555.337, 132.106
1653, 730.834, 556.189, 135.712
1654, 730.773, 555.691, 139.429
1655, 730.945, 557.105, 142.898
1656, 729.932, 556.1, 146.366
1657, 729.239, 553.363, 148.834
1658, 729.376, 553.129, 152.574
1659, 728.701, 555.471, 155.424
1660, 730.187, 558.194, 157.531
1661, 729.798, 561.233, 159.694
1662, 729.799, 562.333, 163.279
1663, 730.671, 561.449, 166.817
1664, 730.667, 558.213, 168.712
1665, 733.219, 555.627, 167.783
1666, 734.742, 552.772, 169.677
1667, 734.5, 551.834, 173.3
1668, 736.097, 552.787, 176.556
1669, 738.611, 552.166, 179.268
1670, 740.566, 548.968, 179.375
1671, 744.075, 548.101, 178.374
1672, 745.849, 547.526, 175.121
1673, 744.941, 547.842, 171.497
1674, 745.485, 546.733, 167.956
1675, 747.763, 544.375, 166.135
1676, 748.616, 543.763, 162.535
1677, 751.641, 544.246, 160.372
1678, 754.045, 545.111, 157.627
1679, 756.842, 544.827, 155.146
1680, 757.806, 545.209, 151.542
1681, 759.32, 544.564, 148.172
1682, 759.757, 543.659, 144.559
1683, 762.824, 542.57, 142.697
1684, 764.398, 539.306, 143.662
1685, 763.75, 537.415, 146.835
1686, 761.114, 534.886, 147.685
1687, 758.784, 534.922, 150.623
1688, 755.56, 533.06, 151.072
1689, 752.09, 533.969, 152.164
1690, 749.216, 532.309, 150.417
1691, 745.966, 532.011, 148.57
1692, 743.961, 531.148, 145.52
1693, 744.184, 531.698, 141.818
1694, 744.202, 532.144, 138.094
1695, 744.215, 532.761, 134.395
1696, 746.37, 534.853, 132.15
1697, 748.189, 537.601, 130.36
1698, 749.347, 539.092, 127.121
1699, 749.064, 541.431, 124.202
1700, 746.515, 543.454, 122.34
1701, 745.517, 543.344, 118.727
1702, 83.1629, 696.615, 858.333
1703, 85.7441, 696.959, 855.635
1704, 85.6983, 696.969, 851.885
1705, 87.8857, 698.381, 849.186
1706, 89.667, 699.437, 846.06
1707, 92.9892, 700.999, 845.294
1708, 95.0305, 700.65, 842.167
1709, 94.3957, 701.004, 838.488
1710, 96.3903, 701.56, 835.362
1711, 96.0302, 700.929, 831.683
1712, 95.4952, 702.93, 828.557
1713, 95.135, 702.299, 824.878
1714, 92.1454, 701.465, 822.773
1715, 90.6746, 701.773, 819.338
1716, 90.2677, 701.51, 815.619
1717, 87.3712, 702.118, 813.316
1718, 85.4783, 704.713, 811.381
1719, 83.8848, 705.399, 808.056
1720, 82.9307, 705.252, 804.433
1721, 81.8294, 706.05, 800.938
1722, 80.9236, 706.156, 797.301
1723, 78.9747, 708.597, 795.225
1724, 79.3585, 712.26, 794.519
1725, 77.4105, 714.69, 796.606
1726, 74.3583, 715.044, 798.756
1727, 70.8994, 714.491, 800.095
1728, 69.3541, 714.386, 803.51
1729, 67.2546, 713.379, 806.45
1730, 66.4654, 711.172, 809.377
1731, 67.7069, 708.511, 811.709
1732, 69.8593, 705.467, 811.302
1733, 71.6427, 702.39, 810.115
1734, 71.5723, 698.891, 811.463
1735, 70.4678, 697.819, 814.883
1736, 70.4638, 697.62, 818.628
1737, 71.3733, 696.415, 822.06
1738, 71.4522, 696.055, 825.792
1739, 72.034, 695.242, 829.406
1740, 73.2005, 694.767, 832.939
1741, 75.8244, 694.765, 835.618
1742, 77.9114, 694.317, 838.701
1743, 78.4054, 693.562, 842.341
1744, 76.5298, 693.964, 845.563
1745, 74.5427, 697.002, 846.505
1746, 73.6734, 700.126, 844.621
1747, 74.3138, 701.275, 841.109
1748, 77.5838, 702.223, 839.537
1749, 79.0112, 701.867, 836.088
1750, 80.8161, 698.902, 834.67
1751, 82.436, 698.46, 831.317
1752, 85.5294, 700.205, 830.114
1753, 88.6523, 701.474, 831.757
1754, 89.6434, 702.222, 835.295
1755, 89.0167, 702.306, 838.992
1756, 91.1515, 702.051, 842.064
1757, 90.6524, 701.663, 845.761
1758, 87.6041, 701.594, 847.944
1759, 85.8572, 699.787, 850.726
1760, 85.8934, 696.706, 852.864
1761, 87.1608, 693.236, 852.217
1762, 89.566, 691.061, 854.1
1763, 91.5303, 688.009, 853.158
1764, 92.1924, 684.52, 851.952
1765, 94.8258, 682.413, 853.591
1766, 98.124, 681.098, 852.385
1767, 100.859, 679.263, 850.591
1768, 101.185, 678.234, 847
1769, 101.999, 677.807, 843.364
1770, 101.423, 679.621, 840.133
1771, 100.395, 680.403, 836.613
1772, 98.0951, 681.724, 833.962
1773, 98.0847, 681.743, 830.212
1774, 98.5329, 680.804, 826.609
1775, 97.3799, 682.177, 823.316
1776, 96.8884, 682.654, 819.629
1777, 93.809, 682.622, 817.489
1778, 93.3273, 682.136, 813.802
1779, 92.7626, 680.589, 810.433
1780, 90.3652, 679.458, 807.781
1781, 90.3471, 679.464, 804.031
1782, 91.7697, 677.935, 800.916
1783, 649.709, 586.169, 468.612
1784, 649.045, 583.283, 470.912
1785, 648.107, 582.689, 474.494
1786, 644.875, 583.396, 476.26
1787, 641.281, 583.423, 475.189
1788, 638.008, 584.433, 476.714
1789, 634.699, 582.706, 477.081
1790, 631.895, 580.225, 477.293
1791, 629.603, 579.197, 480.078
1792, 625.982, 580.147, 480.29
1793, 622.855, 578.341, 479.277
1794, 619.579, 579.2, 480.888
1795, 618.437, 579.768, 484.415
1796, 617.342, 582.972, 486.025
1797, 616.008, 583.886, 489.409
1798, 614.115, 586.865, 490.677
1799, 613.007, 588.042, 494.06
1800, 614.222, 587.999, 497.608
1801, 612.836, 588.559, 501.047
1802, 611.178, 591.62, 502.441
1803, 610.692, 595.085, 501.092
1804, 612.758, 597.856, 499.638
1805, 616.128, 598.725, 501.035
1806, 617.901, 601.692, 499.58
1807, 619.687, 604.182, 497.419
1808, 623.333, 604.803, 498.038
1809, 625.844, 607.147, 496.533
1810, 625.99, 610.842, 495.91
1811, 626.134, 613.906, 498.067
1812, 628.867, 616.423, 497.561
1813, 629.008, 619.417, 499.814
1814, 630.113, 622.468, 501.693
1815, 633.04, 623.857, 503.582
1816, 636.058, 625.227, 505.335
1817, 638.668, 626.027, 507.906
1818, 640.444, 629.329, 507.814
1819, 641.852, 632.649, 506.784
1820, 644.857, 633.982, 508.587
1821, 646.625, 636.729, 510.429
1822, 646.272, 638.397, 513.769
1823, 648.157, 641.326, 515.158
1824, 650.191, 643.402, 517.528
1825, 651.662, 646.833, 517.168
1826, 655.023, 648.199, 516.221
1827, 658.059, 650.345, 516.713
1828, 659.229, 653.529, 515.115
1829, 660.101, 654.537, 511.61
1830, 659.613, 654.485, 507.892
1831, 661.129, 653.273, 504.683
1832, 660.47, 653.85, 501.037
1833, 660.495, 653.491, 497.305
1834, 658.888, 655.232, 494.398
1835, 658.593, 656.038, 490.747
1836, 659.027, 655.412, 487.075
1837, 659.352, 652.437, 484.816
1838, 662.237, 650.094, 485.314
1839, 665.673, 650.431, 486.777
1840, 668.742, 651.427, 488.688
1841, 670.412, 654.658, 487.776
1842, 673.076, 655.523, 485.282
1843, 673.312, 655.507, 481.539
1844, 671.431, 657.098, 478.712
1845, 669.608, 660.363, 478.435
1846, 666.786, 661.766, 480.469
1847, 664.169, 661.604, 483.149
1848, 661.015, 661.015, 485.091
1849, 658.944, 658.03, 486.018
1850, 656.894, 657.648, 489.135
1851, 654.758, 654.658, 489.885
1852, 654.609, 651.523, 487.833
1853, 654.028, 650.989, 484.167
1854, 653.434, 650.986, 480.465
1855, 654.757, 650.3, 477.024
1856, 656.461, 647.552, 475.124
1857, 656.871, 646.68, 471.5
1858, 656.526, 646.965, 467.777
1859, 656.756, 644.676, 464.816
1860, 659.623, 642.308, 464.328
1861, 661.861, 640.6, 461.851
1862, 664.238, 637.853, 460.92
1863, 666.16, 637.704, 457.704
1864, 783.837, 632.16, 682.272
1865, 780.572, 633.752, 683.203
1866, 779.746, 636.107, 686.001
1867, 778.454, 637.187, 689.352
1868, 778.136, 640.526, 691.029
1869, 780.207, 643.06, 692.86
1870, 782.663, 645.712, 691.861
1871, 785.549, 647.253, 693.692
1872, 789.013, 646.221, 692.693
1873, 792.255, 647.952, 691.949
1874, 795.824, 646.889, 692.389
1875, 798.1, 646.352, 695.32
1876, 797.759, 646.144, 699.049
1877, 799.426, 647.784, 701.981
1878, 799.421, 647.385, 705.709
1879, 797.671, 645.663, 708.544
1880, 797.802, 645.874, 712.286
1881, 797.547, 645.813, 716.027
1882, 796.777, 645.605, 719.691
1883, 795, 643.012, 721.736
1884, 795.655, 639.398, 720.978
1885, 795.426, 636.032, 722.617
1886, 794.299, 632.58, 721.682
1887, 791.419, 631.097, 723.572
1888, 790.809, 629.227, 726.764
1889, 791.562, 629.615, 730.417
1890, 793.923, 631.079, 732.937
1891, 795.151, 634.619, 732.774
1892, 793.586, 637.891, 733.725
1893, 793.13, 639.809, 736.915
1894, 795.024, 642.923, 737.796
1895, 796.937, 643.4, 740.986
1896, 800.552, 642.988, 741.894
1897, 802.572, 640.474, 739.981
1898, 806.187, 640.061, 740.889
1899, 808.179, 641.338, 743.798
1900, 808.296, 641.696, 747.529
1901, 810.201, 643.548, 750.176
1902, 812.019, 644.139, 753.402
1903, 812.872, 645.792, 756.659
1904, 812.81, 646.749, 760.284
1905, 814.418, 648.6, 763.121
1906, 815.127, 649.904, 766.565
1907, 815.028, 650.41, 770.279
1908, 813.853, 648.495, 773.282
1909, 814.254, 646.785, 776.595
1910, 816.414, 645.427, 779.343
1911, 816.859, 643.525, 782.544
1912, 817.01, 644.373, 786.194
1913, 817.169, 643.857, 789.905
1914, 817.334, 642.375, 793.345
1915, 819.952, 640.259, 794.998
1916, 823.386, 640.604, 796.465
1917, 826.258, 638.283, 797.118
1918, 828.151, 637.231, 800.179
1919, 831.834, 637.498, 800.832
1920, 834.299, 640.316, 801.045
1921, 834.105, 643.467, 799.021
1922, 832.366, 645.021, 796.084
1923, 832.573, 644.671, 792.356
1924, 830.318, 645.265, 789.42
1925, 827.008, 645.955, 787.798
1926, 823.296, 646.42, 788.063
1927, 821.768, 648.365, 790.882
1928, 821.742, 648.142, 794.625
1929, 821.311, 648.915, 798.269
1930, 818.244, 649.802, 800.237
1931, 815.819, 649.399, 803.069
1932, 814.278, 649.058, 806.47
1933, 812.487, 647.676, 809.461
1934, 812.193, 645.488, 812.493
1935, 812.405, 646.01, 816.2
1936, 810.951, 644.35, 819.232
1937, 810.502, 640.676, 819.835
1938, 812.791, 637.716, 820.088
1939, 816.279, 637.252, 818.793
1940, 818.367, 634.552, 820.347
1941, 819.927, 631.901, 822.491
1942, 819.231, 629.155, 824.949
1943, 819.183, 628.875, 828.688
1944, 821.141, 630.277, 831.563
1945, 882.412, 381.939, 573.351
1946, 886.139, 382.003, 573.76
1947, 888.516, 380.463, 576.218
1948, 889.14, 377.619, 578.582
1949, 891.377, 375.426, 580.642
1950, 891.389, 374.647, 584.31
1951, 890.215, 375.797, 587.68
1952, 889.483, 377.091, 591.123
1953, 890.796, 376.72, 594.616
1954, 890.673, 376.652, 598.364
1955, 893.171, 377.091, 601.126
1956, 896.69, 378.305, 601.58
1957, 899.322, 377.041, 603.933
1958, 902.682, 375.419, 603.552
1959, 904.774, 373.042, 601.543
1960, 904.802, 372.203, 597.888
1961, 903.411, 369.572, 595.607
1962, 904.487, 366.011, 596.078
1963, 906.481, 364.838, 599.029
1964, 907.121, 362.423, 601.826
1965, 905.967, 358.957, 602.674
1966, 905.222, 355.852, 600.708
1967, 906.499, 352.345, 601.075
1968, 908.317, 350.194, 603.552
1969, 908.024, 346.462, 603.332
1970, 905.967, 344.685, 600.749
1971, 905.894, 343.756, 597.116
1972, 905.678, 344.859, 593.539
1973, 905.146, 347.79, 591.261
1974, 905.683, 350.64, 588.884
1975, 903.816, 353.405, 587.171
1976, 903.31, 354.784, 583.72
1977, 904.75, 357.942, 582.301
1978, 904.244, 359.321, 578.85
1979, 905.269, 358.394, 575.364
1980, 905.187, 359.86, 571.914
1981, 905.323, 359.737, 568.168
1982, 903.108, 360.902, 565.376
1983, 903.291, 360.905, 561.631
1984, 901.172, 359.572, 558.839
1985, 900.38, 356.176, 557.458
1986, 902.341, 352.982, 557.335
1987, 905.21, 352.28, 555.024
1988, 906.885, 349.552, 553.071
1989, 906.68, 348.673, 549.431
1990, 906.049, 350.485, 546.209
1991, 906.609, 354.072, 545.267
1992, 904.568, 356.9, 543.889
1993, 903.434, 360.156, 545.363
1994, 901.36, 361.885, 547.965
1995, 901.351, 361.974, 551.714
1996, 903.057, 364.066, 554.317
1997, 906.303, 364.414, 556.163
1998, 907.101, 363.777, 559.771
1999, 910.104, 362.498, 561.618
2000, 911.224, 360.583, 564.641
2001, 912.107, 356.986, 565.23
2002, 912.935, 353.726, 563.572
2003, 911.047, 350.514, 563.992
2004, 908.924, 349.499, 566.912
2005, 907.781, 346.324, 568.547
2006, 907.595, 342.78, 567.337
2007, 904.834, 340.267, 567.689
2008, 901.893, 340.39, 570.013
2009, 898.15, 340.528, 570.196
2010, 895.678, 343.161, 569.188
2011, 892.026, 343.296, 570.028
2012, 889.033, 342.194, 568.055
2013, 885.707, 343.708, 568.896
2014, 883.823, 343.015, 572.063
2015, 884.54, 342.763, 575.736
2016, 886.436, 342.21, 578.923
2017, 889.547, 343.894, 580.169
2018, 892.885, 343.302, 578.567
2019, 894.576, 344.47, 575.429
2020, 893.948, 344.438, 571.732
2021, 894.392, 344.041, 568.03
2022, 893.041, 344.532, 564.567
2023, 892.07, 346.579, 561.579
2024, 893.008, 349.632, 559.613
2025, 893.486, 350.379, 555.969
2026, 599.017, 378.246, 588.733
2027, 600.585, 379.63, 585.62
2028, 604.04, 380.431, 584.401
2029, 605.847, 383.035, 582.397
2030, 605.213, 386.659, 583.121
2031, 602.818, 388.666, 581.049
2032, 601.936, 390.597, 577.957
2033, 599.042, 392.875, 577.252
2034, 595.403, 392.463, 578.055
2035, 594.124, 390.874, 581.202
2036, 594.443, 387.752, 583.254
2037, 592.592, 384.578, 582.506
2038, 590.958, 383.281, 579.39
2039, 590.878, 382.611, 575.701
2040, 588.472, 380.699, 573.553
2041, 586.701, 380.007, 570.321
2042, 584.056, 380.183, 567.668
2043, 582.399, 382.057, 564.874
2044, 582.585, 382.044, 561.129
2045, 582.015, 382.688, 557.479
2046, 578.844, 382.899, 555.488
2047, 577.275, 382.528, 552.103
2048, 574.727, 384.082, 549.832
2049, 573.832, 387.691, 550.317
2050, 575.101, 389.824, 553.128
2051, 575.521, 393.368, 554.28
2052, 577.646, 395.955, 552.589
2053, 577.863, 397.126, 549.033
2054, 577.612, 396.818, 545.305
2055, 577.427, 398.74, 542.09
2056, 577.481, 399.741, 538.477
2057, 578.191, 400.385, 534.851
2058, 578.228, 400.404, 531.101
2059, 579.036, 402.946, 528.465
2060, 579.017, 402.983, 524.715
2061, 578.873, 402.196, 521.051
2062, 577.93, 400.11, 518.082
2063, 574.459, 398.779, 517.581
2064, 571.718, 399.984, 519.838
2065, 568.878, 401.858, 521.414
2066, 565.466, 401.178, 522.815
2067, 562.357, 402.69, 521.364
2068, 559.063, 401.572, 522.765
2069, 557.724, 402.222, 526.207
2070, 557.665, 402.39, 529.952
2071, 558.846, 404.886, 532.49
2072, 562.367, 406.168, 532.353
2073, 565.537, 407.553, 530.906
2074, 568.991, 406.223, 530.301
2075, 570.519, 402.826, 530.734
2076, 572.443, 399.924, 532.127
2077, 574.932, 397.528, 530.668
2078, 578.413, 397.574, 532.061
2079, 581.929, 396.424, 532.675
2080, 585.016, 397.967, 534.142
2081, 586.366, 397.525, 537.612
2082, 585.264, 397.316, 541.191
2083, 586.961, 397.591, 544.523
2084, 589.448, 399.878, 546.15
2085, 590.84, 399.827, 549.632
2086, 593.491, 397.637, 551.127
2087, 595.742, 394.975, 552.509
2088, 595.468, 391.471, 551.2
2089, 595.248, 389.651, 547.928
2090, 596.89, 386.443, 546.892
2091, 595.764, 382.894, 547.344
2092, 594.567, 379.433, 546.536
2093, 595.938, 376.573, 548.537
2094, 596.263, 373.395, 550.5
2095, 597.174, 372.537, 554.035
2096, 596.414, 373.941, 557.428
2097, 594.883, 377.112, 558.717
2098, 594.171, 379.654, 561.381
2099, 595.53, 382.099, 563.878
2100, 594.521, 385.706, 563.686
2101, 594.253, 388.49, 566.183
2102, 594.303, 388.717, 569.926
2103, 594.017, 388.533, 573.66
2104, 595.876, 390.027, 576.555
2105, 598.357, 391.929, 578.625
2106, 598.842, 395.452, 579.815
2107, 457.472, 416.791, 357.616
2108, 460.449, 416.349, 359.853
2109, 462.544, 415.66, 362.886
2110, 466.174, 414.936, 363.491
2111, 469.611, 414.213, 362.179
2112, 471.579, 411.232, 361.035
2113, 471.754, 407.579, 361.863
2114, 469.313, 404.861, 361.017
2115, 465.617, 404.643, 361.616
2116, 463.881, 403.275, 364.645
2117, 464.215, 403.723, 368.353
2118, 462.172, 402.88, 371.382
2119, 461.237, 400.665, 374.26
2120, 461.022, 399.136, 377.678
2121, 458.832, 396.405, 379.022
2122, 456.717, 393.7, 377.516
2123, 456.681, 390.553, 375.476
2124, 457.239, 389.976, 371.813
2125, 456.338, 391.297, 368.421
2126, 454.304, 392.744, 365.623
2127, 454.052, 393.055, 361.894
2128, 453.788, 393.084, 358.154
2129, 455.684, 393.324, 354.927
2130, 459.282, 392.858, 353.977
2131, 461.183, 392.664, 350.75
2132, 464.008, 394.94, 349.8
2133, 466.575, 396.937, 351.666
2134, 468.096, 396.957, 355.094
2135, 468.983, 396.102, 358.636
2136, 467.367, 396.081, 362.02
2137, 467.213, 396.119, 365.767
2138, 466.739, 396.893, 369.405
2139, 466.541, 398.758, 372.653
2140, 465.661, 399.671, 376.182
2141, 465.765, 399.669, 379.93
2142, 465.606, 399.519, 383.674
2143, 465.608, 399.588, 387.423
2144, 467.135, 401.026, 390.532
2145, 467.11, 400.33, 394.217
2146, 468.637, 401.768, 397.326
2147, 469.59, 401.745, 400.953
2148, 471.941, 403.959, 402.86
2149, 472.895, 403.936, 406.486
2150, 471.596, 405.285, 409.735
2151, 468.839, 407.624, 410.729
2152, 466.468, 408.269, 413.561
2153, 463.994, 409.374, 416.154
2154, 461.906, 411.922, 417.946
2155, 461.588, 412.956, 421.536
2156, 459.839, 415.747, 423.328
2157, 457.023, 418.123, 422.629
2158, 453.285, 417.827, 422.635
2159, 449.619, 418.051, 421.879
2160, 448.054, 416.682, 418.759
2161, 447.736, 416.702, 415.022
2162, 447.099, 416.144, 411.369
2163, 447.153, 416.141, 407.619
2164, 449.021, 415.085, 404.544
2165, 452.003, 414.18, 402.458
2166, 455.26, 415.898, 403.167
2167, 458.823, 414.816, 403.616
2168, 460.885, 415.904, 406.553
2169, 460.494, 416.022, 410.281
2170, 459.108, 418.583, 412.644
2171, 458.749, 418.778, 416.371
2172, 458.161, 419.191, 420.052
2173, 460.199, 418.788, 423.174
2174, 463.378, 417.911, 424.96
2175, 464.343, 417.408, 428.548
2176, 466.273, 414.734, 430.334
2177, 466.511, 413.672, 433.922
2178, 466.232, 414.524, 437.564
2179, 466.187, 417.722, 439.522
2180, 468.387, 420.01, 441.518
2181, 468.361, 421.873, 444.773
2182, 467.408, 422.809, 448.277
2183, 467.05, 423.354, 451.97
2184, 468.093, 421.493, 455.054
2185, 468.117, 421.623, 458.801
2186, 468.292, 420.634, 462.414
2187, 468.025, 421.768, 465.978
2188, 60.5487, 710.654, 199.438
2189, 61.886, 713.64, 197.606
2190, 61.9102, 717.377, 197.92
2191, 62.2058, 719.795, 200.771
2192, 65.1369, 722.113, 201.085
2193, 67.9965, 721.794, 198.68
2194, 70.9456, 724.089, 198.994
2195, 73.8026, 723.749, 196.589
2196, 75.6706, 721.401, 194.339
2197, 76.217, 721.331, 190.63
2198, 74.6758, 720.671, 187.275
2199, 73.3373, 717.382, 186.069
2200, 73.7306, 714.033, 187.709
2201, 75.4361, 712.671, 190.759
2202, 75.2349, 712.65, 194.503
2203, 77.2978, 711.256, 197.308
2204, 80.6816, 709.658, 197.55
2205, 81.762, 706.796, 195.381
2206, 81.915, 705.722, 191.792
2207, 82.1694, 702.744, 189.527
2208, 81.8452, 701.892, 185.89
2209, 81.8464, 701.836, 182.14
2210, 83.7697, 699.973, 179.514
2211, 87.2428, 698.559, 179.53
2212, 88.2865, 696.118, 182.179
2213, 88.0422, 692.757, 183.823
2214, 87.5609, 690.646, 186.885
2215, 88.0209, 686.993, 187.592
2216, 89.408, 685.388, 190.685
2217, 89.23, 682.737, 193.332
2218, 91.0479, 680.635, 195.849
2219, 91.0579, 680.429, 199.593
2220, 90.216, 681.202, 203.165
2221, 89.8042, 684.415, 205.053
2222, 89.1397, 685.129, 208.674
2223, 87.3226, 687.811, 210.563
2224, 85.2422, 690.788, 209.627
2225, 85.8539, 694.352, 210.618
2226, 85.5314, 696.198, 213.866
2227, 86.3074, 695.647, 217.493
2228, 89.1454, 696.111, 219.9
2229, 92.8317, 696.785, 220.038
2230, 94.302, 698.889, 222.772
2231, 94.3186, 698.793, 226.521
2232, 96.2565, 696.904, 229.117
2233, 96.3246, 693.184, 229.586
2234, 96.1691, 690.874, 232.536
2235, 98.6021, 688.059, 233.006
2236, 102.242, 687.775, 233.863
2237, 103.954, 686.757, 237.04
2238, 104.229, 685.701, 240.627
2239, 103.965, 686.347, 244.312
2240, 103.23, 684.572, 247.533
2241, 102.725, 682.647, 250.711
2242, 102.315, 683.358, 254.37
2243, 101.81, 681.433, 257.549
2244, 100.122, 680.433, 260.744
2245, 100.088, 680.305, 264.492
2246, 99.0153, 679.67, 268.029
2247, 98.1598, 676.407, 269.666
2248, 97.9044, 674.276, 272.742
2249, 97.7785, 673.991, 276.479
2250, 96.9202, 676.239, 279.355
2251, 96.7256, 677.489, 282.885
2252, 98.3975, 680.428, 284.505
2253, 98.0687, 681.65, 288.035
2254, 99.1244, 684.863, 289.655
2255, 97.531, 688.059, 290.801
2256, 94.3655, 689.137, 289.104
2257, 91.2849, 688.656, 287.02
2258, 88.8029, 687.837, 284.331
2259, 86.98, 688.01, 281.058
2260, 87.6965, 688.596, 277.424
2261, 89.5879, 690.765, 275.02
2262, 89.4212, 693.409, 272.366
2263, 91.8854, 696.235, 272.341
2264, 92.3878, 698.871, 274.961
2265, 90.4424, 701.766, 276.338
2266, 88.9605, 702.065, 279.77
2267, 86.1409, 700.585, 281.749
2268, 85.2563, 700.403, 285.389
2269, 769.768, 62.0746, 944.212
2270, 767.806, 65.0649, 945.339
2271, 764.249, 66.251, 945.403
2272, 761.818, 65.0523, 942.811
2273, 760.975, 62.6114, 940.092
2274, 762.596, 59.232, 939.975
2275, 761.849, 56.3466, 942.251
2276, 760.345, 54.8337, 945.335
2277, 760.346, 55.0258, 949.08
2278, 759.636, 57.7037, 951.607
2279, 760.696, 59.5517, 954.693
2280, 761.249, 61.4546, 957.877
2281, 764.436, 63.2291, 958.747
2282, 767.523, 62.3681, 956.8
2283, 768.801, 60.8443, 953.62
2284, 768.503, 57.2317, 952.659
2285, 767.474, 54.1462, 954.526
2286, 765.425, 53.1086, 957.49
2287, 764.614, 50.6768, 960.227
2288, 766.268, 47.3209, 960.478
2289, 765.2, 44.1175, 958.848
2290, 763.775, 40.8666, 960.057
2291, 762.22, 40.2498, 963.414
2292, 760.794, 36.9989, 964.623
2293, 759.225, 34.0122, 962.987
2294, 758.792, 30.318, 963.464
2295, 755.95, 28.0474, 962.552
2296, 755.574, 24.8421, 964.462
2297, 753.312, 23.0341, 966.844
2298, 750.925, 20.1654, 967.215
2299, 747.267, 19.607, 967.823
2300, 745.485, 20.9023, 970.857
2301, 745.149, 22.9544, 973.978
2302, 745.578, 26.501, 975.118
2303, 748.476, 28.8, 975.731
2304, 749.03, 32.4726, 975.213
2305, 748.277, 34.6207, 972.233
2306, 748.178, 34.1534, 968.514
2307, 748.309, 36.426, 965.534
2308, 747.971, 40.1247, 965.016
2309, 747.698, 42.8381, 962.442
2310, 747.638, 42.9519, 958.694
2311, 747.52, 43.1355, 954.951
2312, 749.938, 42.592, 952.136
2313, 749.737, 42.5065, 948.392
2314, 750.614, 44.6521, 945.444
2315, 751.202, 44.9099, 941.75
2316, 751.367, 44.968, 938.004
2317, 751.191, 44.6057, 934.275
2318, 752.318, 46.6515, 931.342
2319, 752.275, 49.5026, 928.906
2320, 754.866, 52.2005, 929.18
2321, 755.995, 55.399, 927.581
2322, 757.03, 56.1651, 924.059
2323, 755.508, 55.8136, 920.65
2324, 752.001, 55.7311, 919.325
2325, 749.949, 54.4662, 916.452
2326, 748.366, 54.8327, 913.072
2327, 749.225, 53.9629, 909.527
2328, 748.219, 53.9748, 905.914
2329, 746.48, 53.0291, 902.73
2330, 746.72, 53.8261, 899.073
2331, 749.151, 55.1482, 896.543
2332, 752.75, 54.1055, 896.69
2333, 755.671, 52.5442, 898.449
2334, 756.001, 51.4768, 902.029
2335, 755.826, 51.6079, 905.773
2336, 756.684, 51.5783, 909.423
2337, 756.77, 51.5044, 913.172
2338, 758.929, 50.2598, 915.974
2339, 758.737, 50.2092, 919.718
2340, 758.618, 50.2161, 923.466
2341, 760.533, 51.902, 926.215
2342, 760.429, 51.8445, 929.963
2343, 759.599, 51.2173, 933.566
2344, 756.355, 51.6509, 935.395
2345, 753.025, 50.2479, 934.394
2346, 750.594, 47.5212, 935.242
2347, 747.482, 45.8386, 936.487
2348, 744.1, 46.0787, 934.885
2349, 741.768, 48.7381, 936.131
2350, 793.329, 536.027, 493.606
2351, 791.979, 536.323, 490.12
2352, 789.076, 534.488, 488.614
2353, 787.694, 534.49, 485.128
2354, 785.446, 533.057, 482.491
2355, 782.782, 533.632, 479.915
2356, 779.045, 533.323, 480.002
2357, 777.272, 531.253, 477.427
2358, 777.28, 531.127, 473.679
2359, 777.518, 530.918, 469.942
2360, 777.54, 530.61, 466.205
2361, 778.636, 527.982, 463.765
2362, 777.886, 526.133, 460.59
2363, 778.663, 524.269, 457.43
2364, 778.734, 521.592, 454.805
2365, 778.712, 521.539, 451.055
2366, 779.118, 519.282, 448.088
2367, 777.014, 516.218, 447.592
2368, 775.148, 513.879, 449.854
2369, 773.937, 510.427, 450.674
2370, 772.117, 509.54, 453.831
2371, 772.889, 509.661, 457.499
2372, 774.749, 512.185, 459.557
2373, 776.927, 513.764, 462.169
2374, 777.989, 517.361, 462.132
2375, 780.648, 519.345, 460.384
2376, 781.478, 520.109, 456.807
2377, 781.902, 521.516, 453.357
2378, 780.279, 524.584, 451.938
2379, 778.562, 525.123, 448.648
2380, 775.825, 526.003, 446.24
2381, 772.846, 524.716, 444.361
2382, 771.313, 525.315, 440.991
2383, 771.826, 525.416, 437.277
2384, 772.371, 526.22, 433.656
2385, 772.427, 526.545, 429.92
2386, 771.089, 528.465, 426.99
2387, 771.637, 531.636, 425.065
2388, 773.397, 532.892, 422.001
2389, 773.292, 532.283, 418.302
2390, 775.031, 529.788, 416.107
2391, 778.536, 528.588, 416.685
2392, 779.639, 526.366, 419.498
2393, 780.465, 523.634, 421.93
2394, 783.752, 521.851, 421.652
2395, 786.779, 520.799, 423.6
2396, 788.386, 517.524, 422.733
2397, 788.095, 515.562, 419.55
2398, 785.177, 513.373, 418.682
2399, 781.924, 511.554, 419.096
2400, 779.09, 512.338, 416.769
2401, 778.26, 513.785, 413.411
2402, 775.306, 514.788, 411.329
2403, 774.256, 514.978, 407.734
2404, 773.381, 516.227, 404.308
2405, 771.239, 516.997, 401.328
2406, 767.871, 515.431, 400.811
2407, 766.738, 512.383, 398.943
2408, 763.451, 510.855, 399.902
2409, 760.415, 510.459, 402.068
2410, 757.026, 509.389, 403.265
2411, 755.527, 510.159, 406.615
2412, 752.138, 509.089, 407.811
2413, 748.883, 510.747, 406.961
2414, 745.512, 509.67, 405.721
2415, 744.291, 508.569, 402.35
2416, 741.865, 508.68, 399.493
2417, 739.458, 511.29, 398.286
2418, 737.446, 513.997, 399.924
2419, 736.68, 514.98, 403.461
2420, 736.755, 514.548, 407.185
2421, 736.125, 515.048, 410.848
2422, 733.106, 515.935, 412.887
2423, 729.53, 516.307, 413.954
2424, 727.559, 514.737, 416.731
2425, 724.566, 515.06, 418.967
2426, 722.377, 517.749, 420.396
2427, 722.712, 521.203, 418.973
2428, 722.205, 523.733, 416.252
2429, 720.91, 525.906, 413.484
2430, 720.917, 525.758, 409.737
