 CNT-
  0.000000000000000E+000  0.000000000000000E+000
   32.8030000000000       -1.68800000000000     
   58.5040000000000       0.643000000000000     
   87.2880000000000       -8.14800000000000     
   112.426000000000       -16.7500000000000     
   137.377000000000       -28.9980000000000     
   158.495000000000       -44.7020000000000     
   175.969000000000       -60.2200000000000     
   197.274000000000       -72.2800000000000     
   218.581000000000       -84.3400000000000     
   240.075000000000       -92.7550000000000     
   261.756000000000       -97.5260000000000     
   283.436000000000       -102.296000000000     
   305.305000000000       -103.421000000000     
   327.175000000000       -104.547000000000     
   349.231000000000       -102.028000000000     
   367.830000000000       -95.6760000000000     
   386.429000000000       -89.3250000000000     
   408.861000000000       -79.5160000000000     
   427.648000000000       -69.5190000000000     
   449.892000000000       -63.3550000000000     
   475.405000000000       -64.6690000000000     
   504.751000000000       -62.5240000000000     
   530.078000000000       -67.4830000000000     
   558.861000000000       -76.2730000000000     
   580.354000000000       -84.6890000000000     
   602.035000000000       -89.4590000000000     
   631.006000000000       -94.6050000000000     
   656.333000000000       -99.5620000000000     
   674.557000000000       -100.500000000000     
   693.719000000000       -83.2140000000000     
   709.235000000000       -65.7410000000000     
   724.565000000000       -51.9120000000000     
   740.082000000000       -34.4390000000000     
   755.037000000000       -27.8990000000000     
   773.449000000000       -25.1930000000000     
   802.607000000000       -26.6930000000000     
   831.953000000000       -24.5490000000000     
   857.467000000000       -25.8620000000000     
   882.980000000000       -27.1760000000000     
   896.433000000000       -49.7950000000000     
   910.075000000000       -68.7690000000000     
   923.905000000000       -84.0980000000000     
   946.148000000000       -77.9350000000000     
   969.330000000000       -53.5470000000000     
   981.578000000000       -28.5960000000000     
   994.013000000000       0.0000000E+00
 CNT-
  0.000000000000000E+000  0.000000000000000E+000
   27.8393169641501       -21.3240000000000     
   49.4368932043395       -45.0950000000000     
   75.8359140797445       -69.9150000000000     
   95.9945672493860       -97.1810000000000     
   123.832511195339       -118.505000000000     
   151.669082123095       -139.829000000000     
   201.107348345631       -146.820000000000     
   240.463541946953       -140.179000000000     
   281.261404655217       -130.040000000000     
   309.099348601170       -113.262000000000     
   336.938665565320       -96.4820000000000     
   371.015604198839       -77.2550000000000     
   394.053476527774       -59.4280000000000     
   421.891420473727       -42.6480000000000     
   439.170854484075       -38.8030000000000     
   479.488160823358       -55.2330000000000     
   508.765027839859       -73.0610000000000     
   533.723752626519       -101.376000000000     
   572.602135895254       -121.301000000000     
   603.319299000500       -135.634000000000     
   643.157421988999       -140.528000000000     
   682.513615590321       -133.886000000000     
   710.351559536274       -117.107000000000     
   736.750580411679       -103.823000000000     
   761.709305198339       -94.0350000000000     
   801.065498799661       -87.3930000000000     
   848.582912564472       -86.3450000000000     
   885.059887006501       -86.6930000000000     
   926.336933065548       -88.0920000000000     
   962.334724156793       -76.9060000000000     
   985.373969503924       -59.0770000000000     
   1003.61177021584       -40.2010000000000     
   1001.21310742553       -20.6250000000000     
   994.013000000000       0.0000000E+00
 CNT-
  0.000000000000000E+000  0.000000000000000E+000
   14.4226832527161       -21.4280000000000     
   32.8183316862414       -47.3320000000000     
   43.2665032555477       -64.2840000000000     
   63.1359686673958       -86.6650000000000     
   89.9291262219000       -106.476000000000     
   114.221589071317       -118.288000000000     
   141.461685877380       -123.055000000000     
   175.625474826099       -125.251000000000     
   200.366423429675       -122.018000000000     
   232.031064175907       -116.216000000000     
   263.695704922139       -110.413000000000     
   299.781796603340       -94.0420000000000     
   331.893376601130       -73.1950000000000     
   355.608993980543       -58.4400000000000     
   379.326157862556       -43.6840000000000     
   404.515592220291       -25.4070000000000     
   422.782880937971       -9.69900000000000     
   451.946826979116        4.10300000000000     
   492.008976846327        15.9980000000000     
   523.672071089959        21.8010000000000     
   549.438350917699        13.5110000000000     
   578.153811204685        12.2680000000000     
   609.816905448317        18.0710000000000     
   641.481546194549        23.8720000000000     
   669.171675257371        34.1510000000000     
   696.860257817593        44.4300000000000     
   727.499567339661        61.7540000000000     
   755.188149899883        72.0340000000000     
   786.854337148716        77.8360000000000     
   821.016579594834        75.6390000000000     
   845.309042444251        63.8270000000000     
   873.576016977078        47.5390000000000     
   897.868479826495        35.7270000000000     
   916.714160516780        24.8680000000000     
   928.636149064409        11.4390000000000     
   961.326121034805        5.71900000000000     
   994.013000000000       0.0000000E+00
 CNT-
  0.000000000000000E+000  0.000000000000000E+000
   14.5669292859981       -7.71100000000000     
   30.7456495512655       -7.67800000000000     
   47.2509910145878       -11.2560000000000     
   55.0240739986251       -20.5300000000000     
   63.7770205768273       -40.6420000000000     
   72.8559614409960       -64.3650000000000     
   79.3445015559073       -84.9970000000000     
   88.0974481341095       -105.108000000000     
   93.9327458529110       -118.515000000000     
   103.316992904129       -120.045000000000     
   112.049251383414       -114.349000000000     
   125.636943987336       -111.223000000000     
   141.815037340515       -111.190000000000     
   155.729351142491       -111.678000000000     
   167.378631569089       -112.685000000000     
   179.354533193741       -117.306000000000     
   193.922089391828       -125.018000000000     
   203.958951927067       -133.771000000000     
   214.323689484539       -146.137000000000     
   226.626212307246       -154.370000000000     
   239.255356328008       -166.214000000000     
   249.620093885480       -178.580000000000     
   261.921989796099       -186.813000000000     
   276.816167192240       -198.137000000000     
   291.055848368095       -202.236000000000     
   307.887811029472       -209.427000000000     
   320.190333852179       -217.660000000000     
   332.492856674887       -225.893000000000     
   345.121373783561       -237.738000000000     
   357.750517804323       -249.582000000000     
   371.032904221195       -268.652000000000     
   379.785223887309       -288.763000000000     
   387.884928069401       -301.649000000000     
   397.597050142851       -306.791000000000     
   411.837358230794       -310.890000000000     
   423.160017459336       -308.286000000000     
   438.358874130439       -297.416000000000     
   449.028917874960       -287.587000000000     
   459.698334707392       -277.758000000000     
   472.959406113259       -271.021000000000     
   483.629449857780       -261.192000000000     
   494.298866690212       -251.364000000000     
   509.824971471458       -244.105000000000     
   523.086042877325       -237.368000000000     
   534.408702105867       -234.764000000000     
   545.731988246498       -232.160000000000     
   559.645675136386       -232.647000000000     
   573.886610136418       -236.746000000000     
   588.126291312273       -240.846000000000     
   600.102192936925       -245.466000000000     
   610.140309296341       -254.220000000000     
   622.442832119049       -262.452000000000     
   636.683767119080       -266.552000000000     
   651.903938801188       -281.488000000000     
   664.205834711807       -289.721000000000     
   678.773390909894       -297.432000000000     
   694.624863065018       -293.787000000000     
   712.741995507609       -289.620000000000     
   723.738033538097       -283.403000000000     
   736.345862547853       -269.441000000000     
   744.424251718940       -256.522000000000     
   757.358701926752       -246.172000000000     
   769.008609265438       -247.180000000000     
   787.125114795941       -243.013000000000     
   803.303835061208       -242.980000000000     
   814.299873091696       -236.763000000000     
   827.560944497562       -230.025000000000     
   843.739664762830       -229.992000000000     
   859.591136917954       -226.347000000000     
   877.708269360545       -222.180000000000     
   892.580504833593       -207.697000000000     
   907.779361504696       -196.827000000000     
   919.734575030431       -175.641000000000     
   929.424755180787       -154.974000000000     
   936.524534581885       -131.218000000000     
   941.032659409550       -104.369000000000     
   945.214163039159       -73.9080000000000     
   945.845463512176       -55.3260000000000     
   948.741797360571       -36.2230000000000     
   954.556406980455       -23.8240000000000     
   962.962044261685       -14.5160000000000     
   978.486895218754       -7.25800000000000     
   994.013000000000       0.0000000E+00
 CNT-
  0.000000000000000E+000  0.000000000000000E+000
   14.5457241452024       -11.0030000000000     
   29.0914482904049       -22.0050000000000     
   53.4540342657747       -22.0940000000000     
   67.9997584109771       -33.0970000000000     
   87.3464393277397       -55.0660000000000     
   96.9964158418767       -69.7000000000000     
   126.182654991787       -77.1070000000000     
   160.243280452310       -84.5310000000000     
   189.478917655765       -84.6390000000000     
   223.608967407758       -81.1140000000000     
   257.716320756770       -81.2390000000000     
   291.825009188310       -81.3640000000000     
   325.932362537322       -81.4890000000000     
   360.015684400826       -85.2650000000000     
   384.378270376196       -85.3540000000000     
   418.437560754191       -92.7780000000000     
   442.752083758544       -100.167000000000     
   471.939657990982       -107.574000000000     
   496.230149509827       -118.611000000000     
   520.520641028672       -129.649000000000     
   544.812467630045       -140.688000000000     
   574.070801236480       -137.146000000000     
   598.504146585846       -126.287000000000     
   618.067110872184       -115.409000000000     
   642.476424736043       -108.200000000000     
   666.839010711412       -108.289000000000     
   700.947699142953       -108.414000000000     
   730.157969778371       -112.171000000000     
   759.416303384806       -108.629000000000     
   778.955236185636       -101.401000000000     
   798.539561792426       -86.8740000000000     
   818.078494593255       -79.6470000000000     
   847.384891170707       -68.8060000000000     
   862.097500631940       -54.2600000000000     
   881.707192806766       -36.0840000000000     
   906.141873238661       -25.2250000000000     
   915.957399986300       -14.3120000000000     
   935.520364272638       -3.43400000000000     
   955.056626908411        3.79300000000000     
   994.013000000000       0.0000000E+00
 CNT-
  0.000000000000000E+000  0.000000000000000E+000
   1.11101157478390        29.4210000000000     
  -1.89512511165922        55.7020000000000     
   10.2641566362243        86.3950000000000     
   14.1869330911273        110.813000000000     
   16.8021173943959        127.092000000000     
   51.2545200653290        139.050000000000     
   75.9662447147968        157.874000000000     
   101.983352745373        184.837000000000     
   123.885521285248        208.663000000000     
   148.597245934715        227.487000000000     
   165.070256520676        240.036000000000     
   206.451572332956        250.128000000000     
   251.952245176988        263.358000000000     
   282.287499586694        272.179000000000     
   337.528850452192        278.542000000000     
   388.648635515410        281.768000000000     
   432.843924978335        286.859000000000     
   486.775474921672        285.084000000000     
   533.782529264716        285.172000000000     
   584.904523098460        288.398000000000     
   638.836073041797        286.622000000000     
   681.723770353088        283.573000000000     
   726.111222851810        267.384000000000     
   763.571970979713        253.058000000000     
   809.269224400596        245.008000000000     
   848.035355909606        238.822000000000     
   885.493895266982        224.497000000000     
   899.550510897051        199.487000000000     
   899.742673932849        178.206000000000     
   901.249055431860        165.065000000000     
   928.966916767771        157.607000000000     
   955.377185952048        142.009000000000     
   959.693123560652        123.866000000000     
   975.057331342355        106.995000000000     
   984.992381170144        78.8470000000000     
   978.257839835122        59.4320000000000     
   964.596594129280        41.8800000000000     
   975.839236108704        21.8720000000000     
   994.013000000000       0.0000000E+00
 CNT-
  0.000000000000000E+000  0.000000000000000E+000
   13.4274825056266        9.99800000000000     
   30.2924641269950        12.4180000000000     
   46.4681289451737        7.56300000000000     
   64.0246985947836        17.2570000000000     
   77.4521811004102        27.2540000000000     
   91.2260254264204        40.8880000000000     
   101.213737591253        58.4650000000000     
   114.986446304738        72.0990000000000     
   135.637560087283        70.5780000000000     
   157.325488105928        79.9670000000000     
   170.751834999029        89.9650000000000     
   187.272726025065        88.7470000000000     
   207.923839807611        87.2250000000000     
   233.395628762381        92.6730000000000     
   246.476749447624        99.0330000000000     
   271.603312194537        100.845000000000     
   283.992844851538        99.9320000000000     
   304.990320454468        102.047000000000     
   322.201663896220        108.103000000000     
   342.852777678765        106.582000000000     
   363.157529640927        101.423000000000     
   378.986832638722        92.9320000000000     
   403.768169177777        91.1060000000000     
   437.154041825182        92.3080000000000     
   458.496743635969        98.0600000000000     
   475.361725257337        100.480000000000     
   485.005346826838        114.418000000000     
   502.216690268591        120.475000000000     
   515.297810953834        126.836000000000     
   531.818701979870        125.619000000000     
   547.993231185523        120.764000000000     
   567.952756939827        111.969000000000     
   588.603870722373        110.447000000000     
   612.693619233186        101.346000000000     
   632.652009374964        92.5510000000000     
   652.266308921411        80.1180000000000     
   672.226970288241        71.3230000000000     
   679.449465952634        59.8040000000000     
   695.623995158287        54.9500000000000     
   713.181700420423        64.6420000000000     
   735.214854646925        77.6690000000000     
   748.295975332168        84.0290000000000     
   770.329129558671        97.0560000000000     
   787.885699208281        106.749000000000     
   812.321809539478        101.286000000000     
   836.756784258149        95.8220000000000     
   861.192894589346        90.3600000000000     
   880.806058523266        77.9270000000000     
   896.635361521061        69.4370000000000     
   912.119438310998        57.3080000000000     
   931.732602244919        44.8760000000000     
   951.000539970982        28.8060000000000     
   966.829842968777        20.3150000000000     
   982.659145966572        11.8240000000000     
   994.013000000000       0.0000000E+00
 CNT-
  0.000000000000000E+000  0.000000000000000E+000
  -4.87296675281183        28.3630000000000     
   3.68309625424239        49.0540000000000     
   12.2425981933734        69.7440000000000     
   29.7519208623511        85.3200000000000     
   65.1712017872526        90.6650000000000     
   91.6355035841922        101.126000000000     
   127.054784509094        106.472000000000     
   158.233862183313        98.8910000000000     
   189.492035295298        86.1490000000000     
   220.592017531751        83.7300000000000     
   256.169489332185        78.7530000000000     
   282.950172880189        68.5690000000000     
   327.480904342546        58.4780000000000     
   372.013355270942        48.3860000000000     
   403.190713479123        40.8050000000000     
   447.485878094220        46.1970000000000     
   482.901720087045        51.5430000000000     
   513.766135476237        64.6070000000000     
   544.548016495587        82.8320000000000     
   561.979963192837        103.569000000000     
   570.616841103696        119.098000000000     
   597.161957804440        124.397000000000     
   623.703635573107        129.697000000000     
   650.169656836085        140.157000000000     
   676.792149508557        140.295000000000     
   716.845391406934        132.761000000000     
   747.867997671659        135.504000000000     
   778.887165004307        138.245000000000     
   809.988866706798        135.825000000000     
   850.121204042941        123.130000000000     
   876.982702494750        107.785000000000     
   908.240875606735        95.0430000000000     
   935.181469496310        74.5370000000000     
   953.167084257924        59.1460000000000     
   966.836839263165        35.9900000000000     
   976.027385238387        15.3910000000000     
   994.013000000000       0.0000000E+00
 CNT-
  0.000000000000000E+000  0.000000000000000E+000
   7.83286534297251        14.5290000000000     
   20.1418627771374        22.4310000000000     
   34.6881946236702        27.0190000000000     
   60.7972580114263        23.1950000000000     
   74.5973239650175        11.4710000000000     
   83.5495881474023       -1.78500000000000     
   99.9615847262888       -8.66700000000000     
   116.372118038719       -15.5500000000000     
   135.769178189371       -9.43200000000000     
   140.990112907048       0.255000000000000     
   148.822978250021        14.7840000000000     
   165.979777455392        24.2150000000000     
   187.239575805485        18.8620000000000     
   193.954505575502        8.92100000000000     
   212.230703620286       -9.43100000000000     
   226.032232840334       -21.1570000000000     
   244.680100565131       -31.3530000000000     
   265.941362181681       -36.7060000000000     
   294.660892928276       -35.6870000000000     
   318.531158637207       -36.1970000000000     
   345.014818237891       -31.8620000000000     
   375.973146663310       -34.1570000000000     
   404.692677409905       -33.1380000000000     
   425.952475759998       -38.4900000000000     
   452.061539147754       -42.3140000000000     
   483.019867573173       -44.6080000000000     
   511.739398319768       -43.5890000000000     
   537.848461707524       -47.4120000000000     
   563.958988361737       -51.2350000000000     
   592.679982374789       -50.2160000000000     
   628.484649304957       -50.9800000000000     
   663.920573088026       -59.9020000000000     
   702.337170643490       -55.8240000000000     
   735.905966427748       -53.2750000000000     
   767.237427799638       -47.4120000000000     
   798.195756225057       -49.7060000000000     
   826.915286971652       -48.6870000000000     
   850.785552680584       -49.1960000000000     
   860.857215702381       -37.9810000000000     
   873.539346083016       -21.9220000000000     
   904.497674508436       -24.2160000000000     
   926.129142538543       -21.4120000000000     
   952.612802139226       -17.0780000000000     
   979.094998473453       -12.7460000000000     
   994.013000000000       0.0000000E+00
 CNT-
  0.000000000000000E+000  0.000000000000000E+000
   14.2409511659351        10.1660000000000     
   31.0671984963008        23.3770000000000     
   33.5844605511411        39.5800000000000     
   40.0091910888647        53.7710000000000     
   46.4339216265883        67.9620000000000     
   55.4439483287424        85.1970000000000     
   69.6848994946775        95.3630000000000     
   83.9271343230577        105.529000000000     
   103.401577277664        108.625000000000     
   124.200759875613        106.664000000000     
   143.743236939809        96.6010000000000     
   161.958407035773        91.5960000000000     
   182.758873296167        89.6340000000000     
   202.233316250773        92.7310000000000     
   224.291771707365        98.8720000000000     
   239.858746179088        103.981000000000     
   260.592461992337        115.179000000000     
   282.650917448929        121.319000000000     
   308.616841388404        125.448000000000     
   328.091284343010        128.544000000000     
   350.215206584302        121.526000000000     
   360.682190161644        107.386000000000     
   368.565161237000        90.2030000000000     
   393.271812317833        86.2290000000000     
   412.747538934884        89.3250000000000     
   428.314513406607        94.4340000000000     
   450.372968863199        100.575000000000     
   476.338892802674        104.703000000000     
   495.814619419725        107.799000000000     
   519.196530857214        108.883000000000     
   546.489761764922        107.954000000000     
   568.613684006214        100.936000000000     
   597.229087232375        94.9510000000000     
   627.170513764323        83.9070000000000     
   646.711707166075        73.8440000000000     
   658.436679939614        67.8070000000000     
   677.911122894221        70.9030000000000     
   693.478097365944        76.0120000000000     
   722.093500592104        70.0250000000000     
   752.034927124053        58.9830000000000     
   780.650330350213        52.9970000000000     
   814.435042242790        53.1000000000000     
   849.541926453819        48.1470000000000     
   874.249861197096        44.1730000000000     
   882.132832272453        26.9890000000000     
   896.507284332679        10.8370000000000     
   922.539958719299        1.80600000000000     
   947.247893462576       -2.16700000000000     
   971.955828205853       -6.14000000000000     
   994.013000000000       0.0000000E+00
 CNT-
  0.000000000000000E+000  0.000000000000000E+000
   28.6115064811285       -11.3780000000000     
   61.4670839579888       -15.1580000000000     
   97.8016884142304       -21.6480000000000     
   130.275456214402       -30.5830000000000     
   165.849290643211       -47.3830000000000     
   197.562288415950       -66.6250000000000     
   225.793409883363       -83.1580000000000     
   250.924464722137       -91.8250000000000     
   279.916356216982       -98.0480000000000     
   312.770509030869       -101.829000000000     
   342.144210202403       -102.898000000000     
   368.417844745298       -96.1010000000000     
   408.996520197272       -94.9940000000000     
   445.712934330202       -96.3300000000000     
   470.842564506004       -104.997000000000     
   488.630906383381       -113.397000000000     
   514.140921572899       -116.910000000000     
   543.514622744433       -117.979000000000     
   569.026062596923       -121.492000000000     
   582.570333478569       -137.490000000000     
   573.703231136362       -157.840000000000     
   579.524404042894       -178.726000000000     
   578.001439325057       -199.343000000000     
   584.202997245305       -215.073000000000     
   610.093397448539       -213.431000000000     
   639.847483633789       -209.346000000000     
   666.121118176685       -202.551000000000     
   696.255589375650       -193.310000000000     
   719.427732626935       -178.649000000000     
   739.119424235866       -161.276000000000     
   766.152404143221       -144.171000000000     
   797.430879709281       -119.468000000000     
   824.845669293325       -97.2090000000000     
   836.811413601197       -84.7240000000000     
   867.327694476852       -70.3290000000000     
   898.224360366223       -50.7810000000000     
   928.740641241877       -36.3870000000000     
   947.670138160403       -29.3230000000000     
   967.360405106361       -11.9510000000000     
   994.013000000000       0.0000000E+00
 CNT-
  0.000000000000000E+000  0.000000000000000E+000
   33.6075453528352       0.945000000000000     
   59.7232391911805       -1.18700000000000     
   93.3307845440157      -0.242000000000000     
   125.976305999745       -2.90800000000000     
   152.091999838091       -5.04000000000000     
   184.735712978224       -7.70600000000000     
   217.379426118358       -10.3710000000000     
   254.625302450472       -20.7910000000000     
   287.270823906202       -23.4560000000000     
   312.422685531845       -29.1990000000000     
   336.608906629191       -38.5520000000000     
   360.798744357729       -47.9050000000000     
   383.055492714075       -64.4800000000000     
   406.281498229911       -77.4440000000000     
   429.503887114555       -90.4080000000000     
   450.800419889392       -110.593000000000     
   468.458621684950       -119.413000000000     
   491.681010569594       -132.377000000000     
   522.397059284324       -142.263000000000     
   545.623064800160       -155.227000000000     
   568.847262000400       -168.191000000000     
   606.091330016919       -178.610000000000     
   644.301038561735       -185.419000000000     
   689.038766408339       -192.761000000000     
   721.684287864069       -195.427000000000     
   761.819852518692       -195.015000000000     
   797.358678928123       -186.849000000000     
   827.327893301679       -174.539000000000     
   862.864911395514       -166.373000000000     
   887.271746995579       -149.920000000000     
   900.550208417472       -125.180000000000     
   911.897388782768       -107.661000000000     
   924.210209676363       -86.5310000000000     
   929.995011268169       -64.8680000000000     
   942.307832161764       -43.7380000000000     
   947.128801540868       -25.6850000000000     
   971.533828825338       -9.23200000000000     
   994.013000000000       0.0000000E+00
 CNT-
  0.000000000000000E+000  0.000000000000000E+000
   26.8794646458694        2.76400000000000     
   53.4013662688913       -1.76600000000000     
   79.9232678919131       -6.29500000000000     
   110.715179811671       -14.6190000000000     
   132.607067411882       -22.6480000000000     
   154.141391989245       -37.9700000000000     
   175.493884176151       -56.9390000000000     
   197.025768050287       -72.2620000000000     
   227.638288282813       -84.2330000000000     
   263.060214225382       -89.0560000000000     
   302.753370816299       -97.6750000000000     
   333.904066110518       -98.7050000000000     
   365.415985482425       -92.4410000000000     
   401.555478173916       -82.6800000000000     
   428.796166897475       -72.6230000000000     
   460.665649292230       -59.0660000000000     
   492.535131686985       -45.5100000000000     
   519.775820410543       -35.4530000000000     
   542.924670172983       -17.9550000000000     
   566.254131974267        3.18900000000000     
   594.031775407904        24.1860000000000     
   625.184911405350        23.1560000000000     
   655.975602973494        14.8320000000000     
   695.848151251642        9.86100000000000     
   727.358850271936        16.1240000000000     
   758.870769643844        22.3870000000000     
   794.651478960873        24.8560000000000     
   820.992768545051        16.6800000000000     
   856.773477862080        19.1500000000000     
   887.746001820682        14.4720000000000     
   919.256700840976        20.7350000000000     
   963.219867728629        8.32300000000000     
   994.013000000000       0.0000000E+00
 CNT-
  0.000000000000000E+000  0.000000000000000E+000
   16.8849719655812        13.2140000000000     
   43.7332178140712        39.5160000000000     
   67.3708368915134        58.0160000000000     
   97.7637864295597        81.8020000000000     
   121.402747181373        100.301000000000     
   145.041707933187        118.802000000000     
   172.057663078117        139.944000000000     
   195.864333126371        153.284000000000     
   219.503293878185        171.784000000000     
   250.065294387042        190.410000000000     
   273.873306109668        203.750000000000     
   304.603015914965        217.216000000000     
   335.332725720263        230.681000000000     
   369.609822563860        241.631000000000     
   393.417834286486        254.971000000000     
   414.016560912435        260.508000000000     
   448.462708726843        266.297000000000     
   483.075224163320        266.927000000000     
   514.313428555424        264.913000000000     
   538.627251516113        262.774000000000     
   573.748261539396        247.923000000000     
   612.246265955795        235.716000000000     
   643.988939911591        218.223000000000     
   672.186910177830        203.246000000000     
   703.930925807997        185.754000000000     
   725.205856317193        170.652000000000     
   760.325524666104        155.802000000000     
   784.977449568416        143.342000000000     
   816.721465198583        125.850000000000     
   827.696361557618        107.979000000000     
   848.971292066813        92.8770000000000     
   866.700177212080        80.2920000000000     
   888.313209662899        54.8710000000000     
   906.043436482538        42.2860000000000     
   923.772321627805        29.7010000000000     
   944.878201166189        19.7580000000000     
   965.984080704572        9.81700000000000     
   994.013000000000       0.0000000E+00
 CNT-
  0.000000000000000E+000  0.000000000000000E+000
   22.0884760312000       -3.26500000000000     
   44.1784558050667       -6.52900000000000     
   71.1751479003852       -3.26400000000000     
   103.083063545156       -9.79300000000000     
   130.079755640474       -14.6900000000000     
   157.077951478459       -11.4250000000000     
   179.167931252326       -14.6890000000000     
   208.618731379704       -16.3220000000000     
   235.618430960356       -13.0570000000000     
   260.161015023615       -4.89700000000000     
   289.613318893659        1.63200000000000     
   314.155902956919        9.79300000000000     
   346.062314859022        11.4250000000000     
   375.516122471733        17.9540000000000     
   400.058706534993        26.1140000000000     
   434.420730211822        31.0110000000000     
   463.873034081867        29.3790000000000     
   495.779445983970        31.0110000000000     
   527.685857886074        32.6430000000000     
   566.956097627022        27.7460000000000     
   603.770725593244        19.5860000000000     
   635.677137495348        21.2180000000000     
   667.583549397452        22.8510000000000     
   699.489961299556        24.4820000000000     
   731.397876944326        26.1140000000000     
   765.758396878489        31.0110000000000     
   800.118916812652        27.7460000000000     
   839.387652810933        22.8500000000000     
   878.657892551882        17.9540000000000     
   910.564304453985        11.4250000000000     
   937.562500291970        6.52900000000000     
   967.014804162015        4.89700000000000     
   994.013000000000       0.0000000E+00
